48 row
   1   0   0   0   1   0   0   0   1   0.000000000000000e+00   0.000000000000000e+00   0.000000000000000e+00
   0  -1   0   1  -1   0   0  -1   1   0.000000000000000e+00   0.000000000000000e+00   0.000000000000000e+00
  -1   1   0  -1   0   0  -1   0   1   0.000000000000000e+00   0.000000000000000e+00   0.000000000000000e+00
  -1   0   1  -1   0   0  -1   1   0   0.000000000000000e+00   0.000000000000000e+00   0.000000000000000e+00
   1   0   0   0   0   1   0   1   0   0.000000000000000e+00   0.000000000000000e+00   0.000000000000000e+00
   0   0  -1   1   0  -1   0   1  -1   0.000000000000000e+00   0.000000000000000e+00   0.000000000000000e+00
   0   1  -1   1   0  -1   0   0  -1   0.000000000000000e+00   0.000000000000000e+00   0.000000000000000e+00
  -1   0   1  -1   1   0  -1   0   0   0.000000000000000e+00   0.000000000000000e+00   0.000000000000000e+00
   1  -1   0   0  -1   1   0  -1   0   0.000000000000000e+00   0.000000000000000e+00   0.000000000000000e+00
   0  -1   0   0  -1   1   1  -1   0   0.000000000000000e+00   0.000000000000000e+00   0.000000000000000e+00
   0   1  -1   0   0  -1   1   0  -1   0.000000000000000e+00   0.000000000000000e+00   0.000000000000000e+00
   0   0   1   0   1   0   1   0   0   0.000000000000000e+00   0.000000000000000e+00   0.000000000000000e+00
   1   0  -1   0   0  -1   0   1  -1   0.000000000000000e+00   0.000000000000000e+00   0.000000000000000e+00
   0   0   1   1   0   0   0   1   0   0.000000000000000e+00   0.000000000000000e+00   0.000000000000000e+00
  -1   0   0  -1   0   1  -1   1   0   0.000000000000000e+00   0.000000000000000e+00   0.000000000000000e+00
  -1   1   0  -1   0   1  -1   0   0   0.000000000000000e+00   0.000000000000000e+00   0.000000000000000e+00
   1   0  -1   0   1  -1   0   0  -1   0.000000000000000e+00   0.000000000000000e+00   0.000000000000000e+00
   0  -1   1   1  -1   0   0  -1   0   0.000000000000000e+00   0.000000000000000e+00   0.000000000000000e+00
   0   0  -1   0   1  -1   1   0  -1   0.000000000000000e+00   0.000000000000000e+00   0.000000000000000e+00
   0  -1   1   0  -1   0   1  -1   0   0.000000000000000e+00   0.000000000000000e+00   0.000000000000000e+00
   0   1   0   0   0   1   1   0   0   0.000000000000000e+00   0.000000000000000e+00   0.000000000000000e+00
  -1   0   0  -1   1   0  -1   0   1   0.000000000000000e+00   0.000000000000000e+00   0.000000000000000e+00
   0   1   0   1   0   0   0   0   1   0.000000000000000e+00   0.000000000000000e+00   0.000000000000000e+00
   1  -1   0   0  -1   0   0  -1   1   0.000000000000000e+00   0.000000000000000e+00   0.000000000000000e+00
  -1   0   0   0  -1   0   0   0  -1   2.500000000000000e-01   2.500000000000000e-01  -7.500000000000000e-01
   0   1   0  -1   1   0   0   1  -1   2.500000000000000e-01   2.500000000000000e-01  -7.500000000000000e-01
   1  -1   0   1   0   0   1   0  -1   2.500000000000000e-01   2.500000000000000e-01  -7.500000000000000e-01
   1   0  -1   1   0   0   1  -1   0   2.500000000000000e-01   2.500000000000000e-01  -7.500000000000000e-01
  -1   0   0   0   0  -1   0  -1   0   2.500000000000000e-01   2.500000000000000e-01  -7.500000000000000e-01
   0   0   1  -1   0   1   0  -1   1   2.500000000000000e-01   2.500000000000000e-01  -7.500000000000000e-01
   0  -1   1  -1   0   1   0   0   1   2.500000000000000e-01   2.500000000000000e-01  -7.500000000000000e-01
   1   0  -1   1  -1   0   1   0   0   2.500000000000000e-01   2.500000000000000e-01  -7.500000000000000e-01
  -1   1   0   0   1  -1   0   1   0   2.500000000000000e-01   2.500000000000000e-01  -7.500000000000000e-01
   0   1   0   0   1  -1  -1   1   0   2.500000000000000e-01   2.500000000000000e-01  -7.500000000000000e-01
   0  -1   1   0   0   1  -1   0   1   2.500000000000000e-01   2.500000000000000e-01  -7.500000000000000e-01
   0   0  -1   0  -1   0  -1   0   0   2.500000000000000e-01   2.500000000000000e-01  -7.500000000000000e-01
  -1   0   1   0   0   1   0  -1   1   2.500000000000000e-01   2.500000000000000e-01  -7.500000000000000e-01
   0   0  -1  -1   0   0   0  -1   0   2.500000000000000e-01   2.500000000000000e-01  -7.500000000000000e-01
   1   0   0   1   0  -1   1  -1   0   2.500000000000000e-01   2.500000000000000e-01  -7.500000000000000e-01
   1  -1   0   1   0  -1   1   0   0   2.500000000000000e-01   2.500000000000000e-01  -7.500000000000000e-01
  -1   0   1   0  -1   1   0   0   1   2.500000000000000e-01   2.500000000000000e-01  -7.500000000000000e-01
   0   1  -1  -1   1   0   0   1   0   2.500000000000000e-01   2.500000000000000e-01  -7.500000000000000e-01
   0   0   1   0  -1   1  -1   0   1   2.500000000000000e-01   2.500000000000000e-01  -7.500000000000000e-01
   0   1  -1   0   1   0  -1   1   0   2.500000000000000e-01   2.500000000000000e-01  -7.500000000000000e-01
   0  -1   0   0   0  -1  -1   0   0   2.500000000000000e-01   2.500000000000000e-01  -7.500000000000000e-01
   1   0   0   1  -1   0   1   0  -1   2.500000000000000e-01   2.500000000000000e-01  -7.500000000000000e-01
   0  -1   0  -1   0   0   0   0  -1   2.500000000000000e-01   2.500000000000000e-01  -7.500000000000000e-01
  -1   1   0   0   1   0   0   1  -1   2.500000000000000e-01   2.500000000000000e-01  -7.500000000000000e-01
