   0.000000000000000e+00   9.448634388871776e-01   9.448634388871776e-01
   9.448634388871776e-01   0.000000000000000e+00   9.448634388871776e-01
   9.448634388871776e-01   9.448634388871776e-01   0.000000000000000e+00
  -3.324917151297372e+00   3.324917151297372e+00   3.324917151297372e+00
   3.324917151297372e+00  -3.324917151297372e+00   3.324917151297372e+00
   3.324917151297372e+00   3.324917151297372e+00  -3.324917151297372e+00
2
   0.000000000000000e+00   0.000000000000000e+00   0.000000000000000e+00              1
   2.550000000000000e+00   2.550000000000000e+00   2.550000000000000e+00              1
8     8     8
   0.000000000000000e+00   0.000000000000000e+00   0.000000000000000e+00
   4.156146439121757e-01   4.156146439121757e-01   4.156146439121757e-01
   8.312292878243472e-01   8.312292878243472e-01   8.312292878243472e-01
   1.246843931736519e+00   1.246843931736519e+00   1.246843931736519e+00
   1.662458575648690e+00   1.662458575648690e+00   1.662458575648690e+00
   0.000000000000000e+00   0.000000000000000e+00   8.312292878243513e-01
   4.156146439121757e-01   4.156146439121757e-01   1.246843931736519e+00
   8.312292878243472e-01   8.312292878243472e-01   1.662458575648690e+00
   1.246843931736519e+00   1.246843931736519e+00   2.078073219560861e+00
   8.312292878243475e-01   1.662458575648690e+00   1.662458575648690e+00
   4.156146439121757e-01   1.246843931736519e+00   1.246843931736519e+00
   8.312292878243472e-01   8.312292878243472e-01   0.000000000000000e+00
   0.000000000000000e+00   0.000000000000000e+00   1.662458575648694e+00
   4.156146439121757e-01   4.156146439121757e-01   2.078073219560862e+00
   8.312292878243472e-01   8.312292878243472e-01   2.493687863473033e+00
   3.740531795209548e+00  -1.246843931736510e+00  -1.246843931736510e+00
   0.000000000000000e+00   1.662458575648690e+00   1.662458575648690e+00
   0.000000000000000e+00   0.000000000000000e+00   2.493687863473038e+00
   4.156146439121757e-01   4.156146439121757e-01   2.909302507385205e+00
   3.324917151297377e+00  -8.312292878243388e-01  -8.312292878243389e-01
   0.000000000000000e+00   0.000000000000000e+00   3.324917151297380e+00
   0.000000000000000e+00   8.312292878243471e-01   1.662458575648690e+00
   4.156146439121760e-01   1.246843931736519e+00   2.078073219560861e+00
  -1.662458575648682e+00  -8.312292878243389e-01   4.156146439121719e+00
   0.000000000000000e+00   8.312292878243471e-01   2.493687863473033e+00
  -1.246843931736510e+00  -4.156146439121676e-01   3.740531795209547e+00
   3.324917151297377e+00  -1.662458575648682e+00  -8.312292878243388e-01
   3.324917151297377e+00  -8.312292878243388e-01   0.000000000000000e+00
  -1.662458575648682e+00   0.000000000000000e+00   3.324917151297376e+00
