   0.000000000000000e+00   5.131553336596261e+00   5.131553336596261e+00
   5.131553336596261e+00   0.000000000000000e+00   5.131553336596261e+00
   5.131553336596261e+00   5.131553336596261e+00   0.000000000000000e+00
  -6.122108545935137e-01   6.122108545935137e-01   6.122108545935137e-01
   6.122108545935137e-01  -6.122108545935137e-01   6.122108545935137e-01
   6.122108545935137e-01   6.122108545935137e-01  -6.122108545935137e-01
2
   0.000000000000000e+00   0.000000000000000e+00   0.000000000000000e+00              1
   2.565762170550000e+00   2.565762170550000e+00   2.565762170550000e+00              1
4     4     4
   0.000000000000000e+00   0.000000000000000e+00   0.000000000000000e+00
   1.530527136483792e-01   1.530527136483792e-01   1.530527136483792e-01
   3.061054272967575e-01   3.061054272967575e-01   3.061054272967575e-01
   0.000000000000000e+00   0.000000000000000e+00   3.061054272967584e-01
   1.530527136483792e-01   1.530527136483792e-01   4.591581409451359e-01
   0.000000000000000e+00   3.061054272967575e-01   3.061054272967576e-01
   0.000000000000000e+00   0.000000000000000e+00   6.122108545935151e-01
  -3.061054272967560e-01   0.000000000000000e+00   6.122108545935144e-01
48 row
   1   0   0   0   1   0   0   0   1   0.000000000000000e+00   0.000000000000000e+00   0.000000000000000e+00
   0  -1   0   1  -1   0   0  -1   1   0.000000000000000e+00   0.000000000000000e+00   0.000000000000000e+00
  -1   1   0  -1   0   0  -1   0   1   0.000000000000000e+00   0.000000000000000e+00   0.000000000000000e+00
  -1   0   1  -1   0   0  -1   1   0   0.000000000000000e+00   0.000000000000000e+00   0.000000000000000e+00
   1   0   0   0   0   1   0   1   0   0.000000000000000e+00   0.000000000000000e+00   0.000000000000000e+00
   0   0  -1   1   0  -1   0   1  -1   0.000000000000000e+00   0.000000000000000e+00   0.000000000000000e+00
   0   1  -1   1   0  -1   0   0  -1   0.000000000000000e+00   0.000000000000000e+00   0.000000000000000e+00
  -1   0   1  -1   1   0  -1   0   0   0.000000000000000e+00   0.000000000000000e+00   0.000000000000000e+00
   1  -1   0   0  -1   1   0  -1   0   0.000000000000000e+00   0.000000000000000e+00   0.000000000000000e+00
   0  -1   0   0  -1   1   1  -1   0   0.000000000000000e+00   0.000000000000000e+00   0.000000000000000e+00
   0   1  -1   0   0  -1   1   0  -1   0.000000000000000e+00   0.000000000000000e+00   0.000000000000000e+00
   0   0   1   0   1   0   1   0   0   0.000000000000000e+00   0.000000000000000e+00   0.000000000000000e+00
   1   0  -1   0   0  -1   0   1  -1   0.000000000000000e+00   0.000000000000000e+00   0.000000000000000e+00
   0   0   1   1   0   0   0   1   0   0.000000000000000e+00   0.000000000000000e+00   0.000000000000000e+00
  -1   0   0  -1   0   1  -1   1   0   0.000000000000000e+00   0.000000000000000e+00   0.000000000000000e+00
  -1   1   0  -1   0   1  -1   0   0   0.000000000000000e+00   0.000000000000000e+00   0.000000000000000e+00
   1   0  -1   0   1  -1   0   0  -1   0.000000000000000e+00   0.000000000000000e+00   0.000000000000000e+00
   0  -1   1   1  -1   0   0  -1   0   0.000000000000000e+00   0.000000000000000e+00   0.000000000000000e+00
   0   0  -1   0   1  -1   1   0  -1   0.000000000000000e+00   0.000000000000000e+00   0.000000000000000e+00
   0  -1   1   0  -1   0   1  -1   0   0.000000000000000e+00   0.000000000000000e+00   0.000000000000000e+00
   0   1   0   0   0   1   1   0   0   0.000000000000000e+00   0.000000000000000e+00   0.000000000000000e+00
  -1   0   0  -1   1   0  -1   0   1   0.000000000000000e+00   0.000000000000000e+00   0.000000000000000e+00
   0   1   0   1   0   0   0   0   1   0.000000000000000e+00   0.000000000000000e+00   0.000000000000000e+00
   1  -1   0   0  -1   0   0  -1   1   0.000000000000000e+00   0.000000000000000e+00   0.000000000000000e+00
  -1   0   0   0  -1   0   0   0  -1   2.500000000000000e-01   2.500000000000000e-01  -7.500000000000000e-01
   0   1   0  -1   1   0   0   1  -1   2.500000000000000e-01   2.500000000000000e-01  -7.500000000000000e-01
   1  -1   0   1   0   0   1   0  -1   2.500000000000000e-01   2.500000000000000e-01  -7.500000000000000e-01
   1   0  -1   1   0   0   1  -1   0   2.500000000000000e-01   2.500000000000000e-01  -7.500000000000000e-01
  -1   0   0   0   0  -1   0  -1   0   2.500000000000000e-01   2.500000000000000e-01  -7.500000000000000e-01
   0   0   1  -1   0   1   0  -1   1   2.500000000000000e-01   2.500000000000000e-01  -7.500000000000000e-01
   0  -1   1  -1   0   1   0   0   1   2.500000000000000e-01   2.500000000000000e-01  -7.500000000000000e-01
   1   0  -1   1  -1   0   1   0   0   2.500000000000000e-01   2.500000000000000e-01  -7.500000000000000e-01
  -1   1   0   0   1  -1   0   1   0   2.500000000000000e-01   2.500000000000000e-01  -7.500000000000000e-01
   0   1   0   0   1  -1  -1   1   0   2.500000000000000e-01   2.500000000000000e-01  -7.500000000000000e-01
   0  -1   1   0   0   1  -1   0   1   2.500000000000000e-01   2.500000000000000e-01  -7.500000000000000e-01
   0   0  -1   0  -1   0  -1   0   0   2.500000000000000e-01   2.500000000000000e-01  -7.500000000000000e-01
  -1   0   1   0   0   1   0  -1   1   2.500000000000000e-01   2.500000000000000e-01  -7.500000000000000e-01
   0   0  -1  -1   0   0   0  -1   0   2.500000000000000e-01   2.500000000000000e-01  -7.500000000000000e-01
   1   0   0   1   0  -1   1  -1   0   2.500000000000000e-01   2.500000000000000e-01  -7.500000000000000e-01
   1  -1   0   1   0  -1   1   0   0   2.500000000000000e-01   2.500000000000000e-01  -7.500000000000000e-01
  -1   0   1   0  -1   1   0   0   1   2.500000000000000e-01   2.500000000000000e-01  -7.500000000000000e-01
   0   1  -1  -1   1   0   0   1   0   2.500000000000000e-01   2.500000000000000e-01  -7.500000000000000e-01
   0   0   1   0  -1   1  -1   0   1   2.500000000000000e-01   2.500000000000000e-01  -7.500000000000000e-01
   0   1  -1   0   1   0  -1   1   0   2.500000000000000e-01   2.500000000000000e-01  -7.500000000000000e-01
   0  -1   0   0   0  -1  -1   0   0   2.500000000000000e-01   2.500000000000000e-01  -7.500000000000000e-01
   1   0   0   1  -1   0   1   0  -1   2.500000000000000e-01   2.500000000000000e-01  -7.500000000000000e-01
   0  -1   0  -1   0   0   0   0  -1   2.500000000000000e-01   2.500000000000000e-01  -7.500000000000000e-01
  -1   1   0   0   1   0   0   1  -1   2.500000000000000e-01   2.500000000000000e-01  -7.500000000000000e-01
