8
1
44
-3.8401969743101444e-01	-1.0449712058595518e+01
-4.1694733896797631e-01	-1.1345719151803834e+01
-4.1694733825861086e-01	-1.1345719132501010e+01
-4.1694733825861141e-01	-1.1345719132501026e+01
-3.6804216706871695e-01	-1.0014941152805017e+01
-3.6804216695015779e-01	-1.0014941149578856e+01
-3.6804216695015651e-01	-1.0014941149578821e+01
-4.1149761524158007e-01	-1.1197424561394271e+01
-3.7051406899651979e-01	-1.0082205055035622e+01
-3.7051406899652090e-01	-1.0082205055035653e+01
-2.8017499508638999e-01	-7.6239527405938121e+00
-3.1175273442744117e-01	-8.4832271105879347e+00
-3.1175273322973990e-01	-8.4832270779968120e+00
-3.1175273322974123e-01	-8.4832270779968475e+00
-4.0024325902389946e-01	-1.0891177817629902e+01
-4.0024325902390190e-01	-1.0891177817629968e+01
-3.6389745957361980e-01	-9.9021578758517599e+00
-3.6389745957359232e-01	-9.9021578758510120e+00
-3.6389745919190386e-01	-9.9021578654647353e+00
-3.9738166682259185e-01	-1.0813309899049608e+01
-3.9738166413238674e-01	-1.0813309825845373e+01
-3.9738166413239151e-01	-1.0813309825845502e+01
-3.4349839972227747e-01	-9.3470709802091818e+00
-3.4349839710754376e-01	-9.3470709090586279e+00
-3.4349839710754521e-01	-9.3470709090586670e+00
-3.4059427370061457e-01	-9.2680456569998082e+00
-3.4059427370061451e-01	-9.2680456569998064e+00
-3.4996058274322600e-01	-9.5229160014166894e+00
-3.4996057430780242e-01	-9.5229157718770381e+00
-3.4996057430780081e-01	-9.5229157718769937e+00
-3.3844250287974903e-01	-9.2094929690919916e+00
-3.3844250287976030e-01	-9.2094929690922989e+00
-3.1742346154112672e-01	-8.6375355116863695e+00
-3.1742345754901913e-01	-8.6375354030555496e+00
-3.1742345754899637e-01	-8.6375354030549296e+00
-2.7312177501944357e-01	-7.4320247762769869e+00
-2.7886060619214342e-01	-7.5881863838944668e+00
-2.9358701646135055e-01	-7.9889125653883282e+00
-2.9358701646058349e-01	-7.9889125653674560e+00
-2.9358700959985479e-01	-7.9889123786774503e+00
-2.8526268364868479e-01	-7.7623958487870865e+00
-3.1003805459017442e-01	-8.4365682785228540e+00
-3.1003805459199940e-01	-8.4365682785725138e+00
-3.1003798767256924e-01	-8.4365664576013994e+00
-3.8697839227408859e-01	-1.0530222275613566e+01
-3.9203531607683934e-01	-1.0667828231752042e+01
-4.0799991629457488e-01	-1.1102247290258530e+01
-4.0799991629457544e-01	-1.1102247290258545e+01
-3.7121473668851229e-01	-1.0101271201066837e+01
-3.6988772861682706e-01	-1.0065161458933014e+01
-3.6988772861682806e-01	-1.0065161458933041e+01
-3.9663971530755515e-01	-1.0793120362561146e+01
-3.6071570437846212e-01	-9.8155778752612672e+00
-3.6071570437846184e-01	-9.8155778752612601e+00
-2.9656537819136675e-01	-8.0699579458550446e+00
-3.1397083047603119e-01	-8.5435846005321530e+00
-3.6347470978515017e-01	-9.8906542639487967e+00
-3.6347470978515223e-01	-9.8906542639488517e+00
-3.7559472141107597e-01	-1.0220456699826467e+01
-3.5811205140495295e-01	-9.7447288431525312e+00
-3.5811205140495328e-01	-9.7447288431525401e+00
-3.8304188201894662e-01	-1.0423104336202837e+01
-3.8304188201894784e-01	-1.0423104336202870e+01
-3.9486549478656718e-01	-1.0744841345373215e+01
-3.9402713000711459e-01	-1.0722028269367078e+01
-3.9402713000711176e-01	-1.0722028269367001e+01
-3.3433029520922830e-01	-9.0975940577352148e+00
-3.4103351865704468e-01	-9.2799981254502306e+00
-3.4103351865704357e-01	-9.2799981254502004e+00
-3.4011485600801972e-01	-9.2550000323172039e+00
-3.4011485600802183e-01	-9.2550000323172608e+00
-3.3878801831092048e-01	-9.2188949263137090e+00
-3.3878801831092331e-01	-9.2188949263137854e+00
-3.3284520233074688e-01	-9.0571826073220763e+00
-3.4643964519786635e-01	-9.4271063755786404e+00
-3.4643964519786985e-01	-9.4271063755787345e+00
-3.5226456381089399e-01	-9.5856105426255063e+00
-3.2148781770224377e-01	-8.7481323166715654e+00
-3.2148781770223639e-01	-8.7481323166713647e+00
-3.3677348599114210e-01	-9.1640766896054195e+00
-3.2113854221666960e-01	-8.7386280431205137e+00
-3.2113854221653781e-01	-8.7386280431169290e+00
-2.7338191408763590e-01	-7.4391035234766392e+00
-2.6994618040227442e-01	-7.3456124136137282e+00
-2.7576828623078908e-01	-7.5040400408673493e+00
-3.0137723158025398e-01	-8.2008951939139969e+00
-3.0137723158025165e-01	-8.2008951939139330e+00
-3.0477118736793596e-01	-8.2932494688591039e+00
-3.9864333294295384e-01	-1.0847641595470563e+01
-3.7461209209347479e-01	-1.0193717984344012e+01
-4.0697800821038893e-01	-1.1074439744704145e+01
-4.0697800821038921e-01	-1.1074439744704152e+01
-3.7024203307819581e-01	-1.0074802577935886e+01
-3.5635575854682666e-01	-9.6969376626980850e+00
-3.5635575854682683e-01	-9.6969376626980903e+00
-2.9604524263983351e-01	-8.0558043313885950e+00
-3.7785985320703153e-01	-1.0282094098118405e+01
-3.7785985320703075e-01	-1.0282094098118383e+01
-3.6153855435025545e-01	-9.8379687716923243e+00
-3.7403653440691276e-01	-1.0178056256214129e+01
-3.7403653440691231e-01	-1.0178056256214116e+01
-3.7978952647372705e-01	-1.0334603201529070e+01
-3.5910151766435172e-01	-9.7716536013656707e+00
-3.4621832446641504e-01	-9.4210839295121094e+00
-3.9365288478444299e-01	-1.0711844534411853e+01
-3.9365288478444316e-01	-1.0711844534411858e+01
-3.6090852389496975e-01	-9.8208247634814843e+00
-3.6090852389497335e-01	-9.8208247634815820e+00
-3.7805947656738825e-01	-1.0287526128427922e+01
-3.7805947656739103e-01	-1.0287526128427999e+01
-3.6044031317015923e-01	-9.8080840960372182e+00
-3.2979616454568050e-01	-8.9742140327336717e+00
-3.2979616454568494e-01	-8.9742140327337925e+00
-3.4480211407147709e-01	-9.3825468676361350e+00
-3.4480211407147687e-01	-9.3825468676361297e+00
-3.2872434114035393e-01	-8.9450482216092624e+00
-3.2872434114034965e-01	-8.9450482216091469e+00
-3.3706681585369047e-01	-9.1720586046538504e+00
-3.3638608159061600e-01	-9.1535348750505623e+00
-3.3638608159061256e-01	-9.1535348750504681e+00
-3.4929445425566208e-01	-9.5047897153547058e+00
-3.4868933740548730e-01	-9.4883236411183276e+00
-3.4868933740549746e-01	-9.4883236411186047e+00
-3.5104625251751254e-01	-9.5524585915700300e+00
-3.1877254235661973e-01	-8.6742458839927536e+00
-3.1877254235663005e-01	-8.6742458839930343e+00
-2.8041023507059853e-01	-7.6303539489591445e+00
-2.7853282354238257e-01	-7.5792669604098952e+00
-2.5806962645728548e-01	-7.0224348011012729e+00
-2.9266301795432864e-01	-7.9637692761103471e+00
-2.9266301795536731e-01	-7.9637692761386107e+00
-3.0922586537514873e-01	-8.4144674761658607e+00
-3.8755429661497798e-01	-1.0545893436691626e+01
-4.1170271434501959e-01	-1.1203005594317210e+01
-3.9397473290218810e-01	-1.0720602470995670e+01
-3.9397473266980154e-01	-1.0720602464672107e+01
-3.4339506279466603e-01	-9.3442590381505237e+00
-3.4459594959214074e-01	-9.3769368443477799e+00
-3.8786532450170041e-01	-1.0554356939684272e+01
-3.8786532407289892e-01	-1.0554356928015986e+01
-4.0021003200516014e-01	-1.0890273664065086e+01
-3.7149376102553405e-01	-1.0108863842795174e+01
-3.0387978668696458e-01	-8.2689932119345215e+00
-3.4276932687823769e-01	-9.3272318903371705e+00
-3.4276932671472554e-01	-9.3272318858877767e+00
-3.4518703678651497e-01	-9.3930211520644260e+00
-3.3711340004210144e-01	-9.1733262254520387e+00
-3.3711340003769208e-01	-9.1733262253320547e+00
-3.8405434044645836e-01	-1.0450654743407396e+01
-3.9739776464683874e-01	-1.0813747943319930e+01
-3.6001320530354008e-01	-9.7964618947439295e+00
-4.0746776794536987e-01	-1.1087766790797566e+01
-3.9549006216677790e-01	-1.0761836695684812e+01
-3.9549005960623140e-01	-1.0761836626008767e+01
-3.4094569018160820e-01	-9.2776081900250524e+00
-3.4789920404943281e-01	-9.4668230094739201e+00
-3.4249556008799786e-01	-9.3197823137963045e+00
-3.4249555929524100e-01	-9.3197822922242839e+00
-3.4487148921946442e-01	-9.3844346622605777e+00
-3.5756051731058247e-01	-9.7297208305031155e+00
-3.4313946853991295e-01	-9.3373039616691127e+00
-3.3493156060459639e-01	-9.1139553285096717e+00
-3.3493155840445055e-01	-9.1139552686406322e+00
-3.3491660390534739e-01	-9.1135483358435536e+00
-3.3475582126160797e-01	-9.1091732156548346e+00
-3.3475581817376748e-01	-9.1091731316303832e+00
-3.1988028678701236e-01	-8.7043891563549618e+00
-3.2839152013087658e-01	-8.9359916973232547e+00
-3.2839151984433457e-01	-8.9359916895260465e+00
-3.2592148371590968e-01	-8.8687785583011696e+00
-2.7500172647938637e-01	-7.4831808799142685e+00
-2.7209792771754909e-01	-7.4041644619016047e+00
-2.8862303260599065e-01	-7.8538356349625236e+00
-2.9121471225116496e-01	-7.9243588560925016e+00
-3.3326011015217666e-01	-9.0684728283544995e+00
-3.3326010415120849e-01	-9.0684726650597778e+00
-3.9626264867229316e-01	-1.0782859853030644e+01
-3.9537209531925044e-01	-1.0758626653081871e+01
-3.7492271407506195e-01	-1.0202170442091285e+01
-3.9378611491919113e-01	-1.0715469912367618e+01
-3.3931068864063041e-01	-9.2331175156328964e+00
-3.5655301539782130e-01	-9.7023052969842141e+00
-3.8318387261094722e-01	-1.0426968098430040e+01
-3.7135018997310787e-01	-1.0104957074033468e+01
-3.6338996848619465e-01	-9.8883483349053627e+00
-3.7623952228910978e-01	-1.0238002631859793e+01
-3.8166151617104743e-01	-1.0385542654490775e+01
-3.9226545636114624e-01	-1.0674090670163869e+01
-3.2029815490865299e-01	-8.7157599312886997e+00
-3.4643502845204771e-01	-9.4269807474799379e+00
-3.7928223615128576e-01	-1.0320799123678153e+01
-3.9120444833747947e-01	-1.0645219160672696e+01
-3.8974003780698074e-01	-1.0605370505820725e+01
-3.3426005639785494e-01	-9.0956827616243654e+00
-3.2779134090382289e-01	-8.9196599827049230e+00
-3.8980683032927593e-01	-1.0607188023594738e+01
-3.5169161556141149e-01	-9.5700198209213312e+00
-3.6254049155171963e-01	-9.8652328816484971e+00
-3.6386073661901203e-01	-9.9011585929916368e+00
-3.5173960096022949e-01	-9.5713255706107851e+00
-3.4435025741794711e-01	-9.3702512173016963e+00
-3.4563579598421423e-01	-9.4052325163016643e+00
-3.5027683007108845e-01	-9.5315215326890961e+00
-3.5270377774236300e-01	-9.5975621668434261e+00
-3.3237314519680194e-01	-9.0443372737156764e+00
-3.3937776254712648e-01	-9.2349426902638267e+00
-3.3663693306867282e-01	-9.1603608939571508e+00
-3.3866566253677360e-01	-9.2155654548905108e+00
-3.2334176783593721e-01	-8.7985808879237499e+00
-3.2778781156993952e-01	-8.9195639446030057e+00
-3.4862110576960820e-01	-9.4864669630546938e+00
-3.4954824884024827e-01	-9.5116958202985362e+00
-3.2260629116535211e-01	-8.7785675409916983e+00
-3.3024763639757665e-01	-8.9864992120784724e+00
-2.7808485288867579e-01	-7.5670770535555008e+00
-2.8204291222623901e-01	-7.6747813735814310e+00
-2.7791971313810870e-01	-7.5625833704074790e+00
-3.0599905583496384e-01	-8.3266614839513124e+00
-3.1833998901012017e-01	-8.6624755035900289e+00
-3.3483707605228530e-01	-9.1113842719408513e+00
-3.9268292286358303e-01	-1.0685450516478411e+01
-4.0045799770340906e-01	-1.0897021156874555e+01
-3.6881826521393701e-01	-1.0036059866769465e+01
-4.0309304149523140e-01	-1.0968724376971174e+01
-3.5194077851642591e-01	-9.5767998927587588e+00
-3.7168716323032658e-01	-1.0114126586777056e+01
-3.7547896997396357e-01	-1.0217306941633632e+01
-3.6890618623077781e-01	-1.0038452320375443e+01
-3.5925739280729624e-01	-9.7758951816068898e+00
-3.6814416169419778e-01	-1.0017716568948847e+01
-3.5506301699004250e-01	-9.6617603602707742e+00
-3.7051608332385683e-01	-1.0082259867694464e+01
-3.1547310224977387e-01	-8.5844635126670887e+00
-3.8863357132086174e-01	-1.0575262008106211e+01
-3.8234604162798458e-01	-1.0404169547771573e+01
-3.3162983668976070e-01	-9.0241108115804085e+00
-3.9268165625033236e-01	-1.0685416050163669e+01
-3.9984809903386653e-01	-1.0880424962657759e+01
-3.6325778211176379e-01	-9.8847513591249214e+00
-3.9470171179040642e-01	-1.0740384581406618e+01
-3.6843882600372796e-01	-1.0025734796162538e+01
-3.2374868743552937e-01	-8.8096537382884144e+00
-3.6196328594612764e-01	-9.8495263113413145e+00
-3.2709279304209427e-01	-8.9006515202144723e+00
-3.4563715864910877e-01	-9.4052695963157245e+00
-3.4476041167343285e-01	-9.3814120871688047e+00
-3.4794636203988571e-01	-9.4681062442266981e+00
-3.4241385827380511e-01	-9.3175590933763868e+00
-3.4613253276502459e-01	-9.4187494175520587e+00
-3.2966999625893723e-01	-8.9707808175204597e+00
-3.3824890049632561e-01	-9.2042247779701132e+00
-3.3615232796896599e-01	-9.1471741126854091e+00
-3.4260233495296188e-01	-9.3226878069296877e+00
-3.4526733508225504e-01	-9.3952061807879357e+00
-3.3578533649154874e-01	-9.1371877622647837e+00
-3.2927892300486006e-01	-8.9601391683387579e+00
-3.4453566473975827e-01	-9.3752964093567996e+00
-3.1811994043760183e-01	-8.6564876747439978e+00
-2.8081700641581736e-01	-7.6414227651153475e+00
-2.7604547688538572e-01	-7.5115827855370778e+00
-2.7427478588196724e-01	-7.4633998114494204e+00
-2.9676182033775866e-01	-8.0753034108916051e+00
-3.1978614668648786e-01	-8.7018274728001099e+00
-3.1960648121099100e-01	-8.6969385243988366e+00
-3.9855343155619249e-01	-1.0845195253234451e+01
-3.9855341532770061e-01	-1.0845194811634531e+01
-3.8878825100584835e-01	-1.0579471058267538e+01
-3.8878825055064731e-01	-1.0579471045880883e+01
-3.3068795628382974e-01	-8.9984809308699791e+00
-3.3068798105526137e-01	-8.9984816049352148e+00
-3.8667648501527618e-01	-1.0522006957638746e+01
-3.8667648440041291e-01	-1.0522006940907458e+01
-3.8585618120463760e-01	-1.0499685345807151e+01
-3.8585618108791353e-01	-1.0499685342630926e+01
-3.7480553220964319e-01	-1.0198981759947356e+01
-3.7480552765301389e-01	-1.0198981635955112e+01
-3.8327426797588526e-01	-1.0429427882501933e+01
-3.8327421581934285e-01	-1.0429426463249603e+01
-3.4285232097295831e-01	-9.3294902755142743e+00
-3.4285237241719646e-01	-9.3294916753838102e+00
-2.9196381247399389e-01	-7.9447429188995873e+00
-2.9196381219081674e-01	-7.9447429111939423e+00
-3.6602583859385013e-01	-9.9600740402093386e+00
-3.6602583843957037e-01	-9.9600740360111715e+00
-3.8782755222629495e-01	-1.0553329103340394e+01
-3.8782750297410656e-01	-1.0553327763119592e+01
-3.4339473978919532e-01	-9.3442502487207513e+00
-3.4339434972252464e-01	-9.3442396344621077e+00
-3.6717683087164199e-01	-9.9913941468732759e+00
-3.6717682901372117e-01	-9.9913940963166556e+00
-3.5528255999751374e-01	-9.6677344319861049e+00
-3.5528258086754255e-01	-9.6677349998887241e+00
-3.2873905887238319e-01	-8.9454487116437331e+00
-3.2873905791039582e-01	-8.9454486854667135e+00
-3.3918834950669974e-01	-9.2297884970132120e+00
-3.3918834944354470e-01	-9.2297884952946738e+00
-3.2307745553843004e-01	-8.7913885813286132e+00
-3.2307793298557153e-01	-8.7914015733318500e+00
-3.1495695566236931e-01	-8.5704184434831738e+00
-3.1495733069169479e-01	-8.5704286485546604e+00
-3.5621153417239249e-01	-9.6930131161325050e+00
-3.5621153110746323e-01	-9.6930130327315016e+00
-2.8824461395904966e-01	-7.8435383353068282e+00
-2.8821725984867030e-01	-7.8427939917770679e+00
-2.9878995680966591e-01	-8.1304918355707159e+00
-2.9879736036249027e-01	-8.1306932965784267e+00
-3.6714570079154929e-01	-9.9905470539363606e+00
-3.6714568781906165e-01	-9.9905467009368625e+00
-4.0317150806219199e-01	-1.0970859561797498e+01
-4.0317148604542347e-01	-1.0970858962690492e+01
-3.6600304788024340e-01	-9.9594538730762636e+00
-3.6600307386360720e-01	-9.9594545801198660e+00
-3.5396138410112782e-01	-9.6317833914838928e+00
-3.5396142787849011e-01	-9.6317845827270343e+00
-3.7012895285930247e-01	-1.0071725507319812e+01
-3.7012897301168374e-01	-1.0071726055694239e+01
-3.8783686353433300e-01	-1.0553582477030695e+01
-3.8783686181117971e-01	-1.0553582430141288e+01
-3.8437325706866854e-01	-1.0459332909905338e+01
-3.8437327357151674e-01	-1.0459333358970877e+01
-3.2448762454689328e-01	-8.8297612486448340e+00
-3.2448760000995663e-01	-8.8297605809605333e+00
-4.0012048720597909e-01	-1.0887837025074830e+01
-4.0012048869490024e-01	-1.0887837065590453e+01
-4.0089367099408446e-01	-1.0908876435313745e+01
-4.0089375602700428e-01	-1.0908878749178200e+01
-3.0694725611508028e-01	-8.3524633372608719e+00
-3.0694736619530844e-01	-8.3524663326975510e+00
-3.4599995040881032e-01	-9.4151416665544989e+00
-3.4600004998726303e-01	-9.4151443762232088e+00
-3.7318510924795334e-01	-1.0154887789049321e+01
-3.7318505079773889e-01	-1.0154886198537389e+01
-3.5221718674900448e-01	-9.5843213466331143e+00
-3.5221716994678531e-01	-9.5843208894212744e+00
-3.5031700436423652e-01	-9.5326147312889677e+00
-3.5031708874798451e-01	-9.5326170274885502e+00
-3.3298067183710356e-01	-9.0608689217054721e+00
-3.3298080510446693e-01	-9.0608725480964711e+00
-3.3412604700620074e-01	-9.0920361790003437e+00
-3.3412629397096494e-01	-9.0920428992563398e+00
-3.5306588816955853e-01	-9.6074156970735718e+00
-3.5306574087937692e-01	-9.6074116891021131e+00
-3.3167124574817985e-01	-9.0252376098670393e+00
-3.3167114823146160e-01	-9.0252349563010021e+00
-3.2188183330705183e-01	-8.7588540313241765e+00
-3.2188187268510493e-01	-8.7588551028559731e+00
-3.1865012288624761e-01	-8.6709146793063461e+00
-3.1864471620927670e-01	-8.6707675560782480e+00
-2.9742930563043046e-01	-8.0934666175146734e+00
-2.9740067043584362e-01	-8.0926874138952343e+00
-2.6902472418421974e-01	-7.3205383035675808e+00
-2.6902755586626098e-01	-7.3206153575889505e+00
