# qsgw_contract_version 5
# fixed_basis immutable_mf0
# live_update eigenvalues_wfc
# velocity disabled_stage1
# headwing disabled_stage1
# symmetry input_kstar_live
# hartree disabled_stage1
# band disabled_stage1
# h_qsgw_cut disabled_non_band
# qsgw_input_contract /home/bhj/ai-runs/librpa-qsgw-gate-a-shrink-off-candidate-recovery-20260722-07785fa4-v1/input-views/candidate/qsgw_input.full.contract
# qsgw_input_contract_sha256 5f7ebe1dfc4d4b18d374f80787b5450745478d469681ac6cf93c99b06c828bc1
# qsgw_mixer none
# qsgw_mixing_beta 0.20000000000000001
# iter channel spin kpoint kx ky kz band energy_eV
0 0 0 0 0.00000000000000000e+00 0.00000000000000000e+00 0.00000000000000000e+00 0 -5.69012481868942110e+00
0 0 0 0 0.00000000000000000e+00 0.00000000000000000e+00 0.00000000000000000e+00 1 6.28506363001130186e+00
0 0 0 0 0.00000000000000000e+00 0.00000000000000000e+00 0.00000000000000000e+00 2 6.28506363064807516e+00
0 0 0 0 0.00000000000000000e+00 0.00000000000000000e+00 0.00000000000000000e+00 3 6.28506363064807516e+00
0 0 0 0 0.00000000000000000e+00 0.00000000000000000e+00 0.00000000000000000e+00 4 8.86227461483515810e+00
0 0 0 0 0.00000000000000000e+00 0.00000000000000000e+00 0.00000000000000000e+00 5 8.86227461496678082e+00
0 0 0 0 0.00000000000000000e+00 0.00000000000000000e+00 0.00000000000000000e+00 6 8.86227461496678082e+00
0 0 0 0 0.00000000000000000e+00 0.00000000000000000e+00 0.00000000000000000e+00 7 9.74722580897865676e+00
0 0 0 0 0.00000000000000000e+00 0.00000000000000000e+00 0.00000000000000000e+00 8 1.39450787324992920e+01
0 0 0 0 0.00000000000000000e+00 0.00000000000000000e+00 0.00000000000000000e+00 9 1.39450787324993186e+01
0 0 0 0 0.00000000000000000e+00 0.00000000000000000e+00 0.00000000000000000e+00 10 1.45809346276577845e+01
0 0 0 0 0.00000000000000000e+00 0.00000000000000000e+00 0.00000000000000000e+00 11 1.81433379129426982e+01
0 0 0 0 0.00000000000000000e+00 0.00000000000000000e+00 0.00000000000000000e+00 12 1.81433379455208765e+01
0 0 0 0 0.00000000000000000e+00 0.00000000000000000e+00 0.00000000000000000e+00 13 1.81433379455211217e+01
0 0 0 0 0.00000000000000000e+00 0.00000000000000000e+00 0.00000000000000000e+00 14 3.05428319969192401e+01
0 0 0 0 0.00000000000000000e+00 0.00000000000000000e+00 0.00000000000000000e+00 15 3.05428319969195385e+01
0 0 0 0 0.00000000000000000e+00 0.00000000000000000e+00 0.00000000000000000e+00 16 3.15545480706618768e+01
0 0 0 0 0.00000000000000000e+00 0.00000000000000000e+00 0.00000000000000000e+00 17 3.15545480706629959e+01
0 0 0 0 0.00000000000000000e+00 0.00000000000000000e+00 0.00000000000000000e+00 18 3.15545480768929316e+01
0 0 0 0 0.00000000000000000e+00 0.00000000000000000e+00 0.00000000000000000e+00 19 3.23919213940538313e+01
0 0 0 0 0.00000000000000000e+00 0.00000000000000000e+00 0.00000000000000000e+00 20 3.23919214567540408e+01
0 0 0 0 0.00000000000000000e+00 0.00000000000000000e+00 0.00000000000000000e+00 21 3.23919214567543676e+01
0 0 0 0 0.00000000000000000e+00 0.00000000000000000e+00 0.00000000000000000e+00 22 4.23169621558994322e+01
0 0 0 0 0.00000000000000000e+00 0.00000000000000000e+00 0.00000000000000000e+00 23 4.23169622292303345e+01
0 0 0 0 0.00000000000000000e+00 0.00000000000000000e+00 0.00000000000000000e+00 24 4.23169622292306613e+01
0 0 0 0 0.00000000000000000e+00 0.00000000000000000e+00 0.00000000000000000e+00 25 4.63999008807849194e+01
0 0 0 0 0.00000000000000000e+00 0.00000000000000000e+00 0.00000000000000000e+00 26 4.63999008807849549e+01
0 0 0 0 0.00000000000000000e+00 0.00000000000000000e+00 0.00000000000000000e+00 27 5.11543518370613413e+01
0 0 0 0 0.00000000000000000e+00 0.00000000000000000e+00 0.00000000000000000e+00 28 5.11543520862886041e+01
0 0 0 0 0.00000000000000000e+00 0.00000000000000000e+00 0.00000000000000000e+00 29 5.11543520862886041e+01
0 0 0 0 0.00000000000000000e+00 0.00000000000000000e+00 0.00000000000000000e+00 30 5.61716896249917355e+01
0 0 0 0 0.00000000000000000e+00 0.00000000000000000e+00 0.00000000000000000e+00 31 5.61716896249940660e+01
0 0 0 0 0.00000000000000000e+00 0.00000000000000000e+00 0.00000000000000000e+00 32 5.80106203700904928e+01
0 0 0 0 0.00000000000000000e+00 0.00000000000000000e+00 0.00000000000000000e+00 33 5.80106204887674579e+01
0 0 0 0 0.00000000000000000e+00 0.00000000000000000e+00 0.00000000000000000e+00 34 5.80106204887726093e+01
0 0 0 0 0.00000000000000000e+00 0.00000000000000000e+00 0.00000000000000000e+00 35 8.67172840338681965e+01
0 0 0 0 0.00000000000000000e+00 0.00000000000000000e+00 0.00000000000000000e+00 36 8.84336064534422235e+01
0 0 0 0 0.00000000000000000e+00 0.00000000000000000e+00 0.00000000000000000e+00 37 9.34645861480072142e+01
0 0 0 0 0.00000000000000000e+00 0.00000000000000000e+00 0.00000000000000000e+00 38 9.34645861480420024e+01
0 0 0 0 0.00000000000000000e+00 0.00000000000000000e+00 0.00000000000000000e+00 39 9.34645863398542360e+01
0 0 0 0 0.00000000000000000e+00 0.00000000000000000e+00 0.00000000000000000e+00 40 1.49377128287960943e+02
0 0 0 0 0.00000000000000000e+00 0.00000000000000000e+00 0.00000000000000000e+00 41 1.89183533379206665e+02
0 0 0 0 0.00000000000000000e+00 0.00000000000000000e+00 0.00000000000000000e+00 42 1.89183533379895863e+02
0 0 0 0 0.00000000000000000e+00 0.00000000000000000e+00 0.00000000000000000e+00 43 1.89183535198945634e+02
0 0 0 1 2.50000000000035305e-01 2.50000000000035305e-01 2.50000000000035305e-01 0 -4.89231872676202784e+00
0 0 0 1 2.50000000000035305e-01 2.50000000000035305e-01 2.50000000000035305e-01 1 2.34526751934443967e+00
0 0 0 1 2.50000000000035305e-01 2.50000000000035305e-01 2.50000000000035305e-01 2 5.53197202705765534e+00
0 0 0 1 2.50000000000035305e-01 2.50000000000035305e-01 2.50000000000035305e-01 3 5.53197202705768287e+00
0 0 0 1 2.50000000000035305e-01 2.50000000000035305e-01 2.50000000000035305e-01 4 8.31391092089813277e+00
0 0 0 1 2.50000000000035305e-01 2.50000000000035305e-01 2.50000000000035305e-01 5 9.80126448909364889e+00
0 0 0 1 2.50000000000035305e-01 2.50000000000035305e-01 2.50000000000035305e-01 6 9.80126448909367554e+00
0 0 0 1 2.50000000000035305e-01 2.50000000000035305e-01 2.50000000000035305e-01 7 1.34054159518861820e+01
0 0 0 1 2.50000000000035305e-01 2.50000000000035305e-01 2.50000000000035305e-01 8 1.35717916753117525e+01
0 0 0 1 2.50000000000035305e-01 2.50000000000035305e-01 2.50000000000035305e-01 9 1.35717916753118075e+01
0 0 0 1 2.50000000000035305e-01 2.50000000000035305e-01 2.50000000000035305e-01 10 1.61011083322591055e+01
0 0 0 1 2.50000000000035305e-01 2.50000000000035305e-01 2.50000000000035305e-01 11 1.86704501650944827e+01
0 0 0 1 2.50000000000035305e-01 2.50000000000035305e-01 2.50000000000035305e-01 12 2.14711246552306143e+01
0 0 0 1 2.50000000000035305e-01 2.50000000000035305e-01 2.50000000000035305e-01 13 2.14711246552306143e+01
0 0 0 1 2.50000000000035305e-01 2.50000000000035305e-01 2.50000000000035305e-01 14 2.50699654363058038e+01
0 0 0 1 2.50000000000035305e-01 2.50000000000035305e-01 2.50000000000035305e-01 15 2.62830970930576591e+01
0 0 0 1 2.50000000000035305e-01 2.50000000000035305e-01 2.50000000000035305e-01 16 2.62830970930579575e+01
0 0 0 1 2.50000000000035305e-01 2.50000000000035305e-01 2.50000000000035305e-01 17 3.12920853695797412e+01
0 0 0 1 2.50000000000035305e-01 2.50000000000035305e-01 2.50000000000035305e-01 18 3.12920853695801533e+01
0 0 0 1 2.50000000000035305e-01 2.50000000000035305e-01 2.50000000000035305e-01 19 3.45904061866807950e+01
0 0 0 1 2.50000000000035305e-01 2.50000000000035305e-01 2.50000000000035305e-01 20 3.53320821154381122e+01
0 0 0 1 2.50000000000035305e-01 2.50000000000035305e-01 2.50000000000035305e-01 21 3.53320821154387659e+01
0 0 0 1 2.50000000000035305e-01 2.50000000000035305e-01 2.50000000000035305e-01 22 3.98983749377598684e+01
0 0 0 1 2.50000000000035305e-01 2.50000000000035305e-01 2.50000000000035305e-01 23 4.27768989343946586e+01
0 0 0 1 2.50000000000035305e-01 2.50000000000035305e-01 2.50000000000035305e-01 24 4.27768989343946870e+01
0 0 0 1 2.50000000000035305e-01 2.50000000000035305e-01 2.50000000000035305e-01 25 4.50620354507570866e+01
0 0 0 1 2.50000000000035305e-01 2.50000000000035305e-01 2.50000000000035305e-01 26 4.50620354507575342e+01
0 0 0 1 2.50000000000035305e-01 2.50000000000035305e-01 2.50000000000035305e-01 27 4.92732772669109664e+01
0 0 0 1 2.50000000000035305e-01 2.50000000000035305e-01 2.50000000000035305e-01 28 4.92732772669113430e+01
0 0 0 1 2.50000000000035305e-01 2.50000000000035305e-01 2.50000000000035305e-01 29 5.20332960833969906e+01
0 0 0 1 2.50000000000035305e-01 2.50000000000035305e-01 2.50000000000035305e-01 30 5.36956383884121493e+01
0 0 0 1 2.50000000000035305e-01 2.50000000000035305e-01 2.50000000000035305e-01 31 5.36956383884123625e+01
0 0 0 1 2.50000000000035305e-01 2.50000000000035305e-01 2.50000000000035305e-01 32 5.43574342484430204e+01
0 0 0 1 2.50000000000035305e-01 2.50000000000035305e-01 2.50000000000035305e-01 33 6.01189468596588839e+01
0 0 0 1 2.50000000000035305e-01 2.50000000000035305e-01 2.50000000000035305e-01 34 6.01189468596617118e+01
0 0 0 1 2.50000000000035305e-01 2.50000000000035305e-01 2.50000000000035305e-01 35 6.67599631523432038e+01
0 0 0 1 2.50000000000035305e-01 2.50000000000035305e-01 2.50000000000035305e-01 36 7.82702999547791336e+01
0 0 0 1 2.50000000000035305e-01 2.50000000000035305e-01 2.50000000000035305e-01 37 7.82702999548062479e+01
0 0 0 1 2.50000000000035305e-01 2.50000000000035305e-01 2.50000000000035305e-01 38 8.77220960617845691e+01
0 0 0 1 2.50000000000035305e-01 2.50000000000035305e-01 2.50000000000035305e-01 39 9.05559456503846292e+01
0 0 0 1 2.50000000000035305e-01 2.50000000000035305e-01 2.50000000000035305e-01 40 1.03576062244993466e+02
0 0 0 1 2.50000000000035305e-01 2.50000000000035305e-01 2.50000000000035305e-01 41 1.37750382664650004e+02
0 0 0 1 2.50000000000035305e-01 2.50000000000035305e-01 2.50000000000035305e-01 42 1.37750382664767898e+02
0 0 0 1 2.50000000000035305e-01 2.50000000000035305e-01 2.50000000000035305e-01 43 1.62486932245790882e+02
0 0 0 2 5.00000000000070610e-01 5.00000000000070610e-01 5.00000000000070610e-01 0 -3.36119329779982401e+00
0 0 0 2 5.00000000000070610e-01 5.00000000000070610e-01 5.00000000000070610e-01 1 -7.03296924868991757e-01
0 0 0 2 5.00000000000070610e-01 5.00000000000070610e-01 5.00000000000070610e-01 2 5.09456682842257358e+00
0 0 0 2 5.00000000000070610e-01 5.00000000000070610e-01 5.00000000000070610e-01 3 5.09456682842260111e+00
0 0 0 2 5.00000000000070610e-01 5.00000000000070610e-01 5.00000000000070610e-01 4 7.80153891085938245e+00
0 0 0 2 5.00000000000070610e-01 5.00000000000070610e-01 5.00000000000070610e-01 5 9.63521482588575040e+00
0 0 0 2 5.00000000000070610e-01 5.00000000000070610e-01 5.00000000000070610e-01 6 9.63521482588577882e+00
0 0 0 2 5.00000000000070610e-01 5.00000000000070610e-01 5.00000000000070610e-01 7 1.47852103276375004e+01
0 0 0 2 5.00000000000070610e-01 5.00000000000070610e-01 5.00000000000070610e-01 8 1.68771556309423438e+01
0 0 0 2 5.00000000000070610e-01 5.00000000000070610e-01 5.00000000000070610e-01 9 1.68771556309424255e+01
0 0 0 2 5.00000000000070610e-01 5.00000000000070610e-01 5.00000000000070610e-01 10 1.77756104772829886e+01
0 0 0 2 5.00000000000070610e-01 5.00000000000070610e-01 5.00000000000070610e-01 11 1.81296998225138317e+01
0 0 0 2 5.00000000000070610e-01 5.00000000000070610e-01 5.00000000000070610e-01 12 1.81296998225138317e+01
0 0 0 2 5.00000000000070610e-01 5.00000000000070610e-01 5.00000000000070610e-01 13 1.96146048308365728e+01
0 0 0 2 5.00000000000070610e-01 5.00000000000070610e-01 5.00000000000070610e-01 14 2.58077050823359606e+01
0 0 0 2 5.00000000000070610e-01 5.00000000000070610e-01 5.00000000000070610e-01 15 2.72152860787772362e+01
0 0 0 2 5.00000000000070610e-01 5.00000000000070610e-01 5.00000000000070610e-01 16 2.87324118384543112e+01
0 0 0 2 5.00000000000070610e-01 5.00000000000070610e-01 5.00000000000070610e-01 17 2.87324118384543645e+01
0 0 0 2 5.00000000000070610e-01 5.00000000000070610e-01 5.00000000000070610e-01 18 3.03308047776239462e+01
0 0 0 2 5.00000000000070610e-01 5.00000000000070610e-01 5.00000000000070610e-01 19 3.03308047776243264e+01
0 0 0 2 5.00000000000070610e-01 5.00000000000070610e-01 5.00000000000070610e-01 20 3.68988327876056061e+01
0 0 0 2 5.00000000000070610e-01 5.00000000000070610e-01 5.00000000000070610e-01 21 3.68988327876058477e+01
0 0 0 2 5.00000000000070610e-01 5.00000000000070610e-01 5.00000000000070610e-01 22 3.85570071766042730e+01
0 0 0 2 5.00000000000070610e-01 5.00000000000070610e-01 5.00000000000070610e-01 23 4.06510943546822006e+01
0 0 0 2 5.00000000000070610e-01 5.00000000000070610e-01 5.00000000000070610e-01 24 4.06510943546829608e+01
0 0 0 2 5.00000000000070610e-01 5.00000000000070610e-01 5.00000000000070610e-01 25 4.56007584136559885e+01
0 0 0 2 5.00000000000070610e-01 5.00000000000070610e-01 5.00000000000070610e-01 26 4.56007584136560169e+01
0 0 0 2 5.00000000000070610e-01 5.00000000000070610e-01 5.00000000000070610e-01 27 4.82949203828376810e+01
0 0 0 2 5.00000000000070610e-01 5.00000000000070610e-01 5.00000000000070610e-01 28 4.82949203828387965e+01
0 0 0 2 5.00000000000070610e-01 5.00000000000070610e-01 5.00000000000070610e-01 29 5.24254995288222503e+01
0 0 0 2 5.00000000000070610e-01 5.00000000000070610e-01 5.00000000000070610e-01 30 5.52952603871261275e+01
0 0 0 2 5.00000000000070610e-01 5.00000000000070610e-01 5.00000000000070610e-01 31 5.52952603871266746e+01
0 0 0 2 5.00000000000070610e-01 5.00000000000070610e-01 5.00000000000070610e-01 32 5.57820712078977863e+01
0 0 0 2 5.00000000000070610e-01 5.00000000000070610e-01 5.00000000000070610e-01 33 5.61016494217775374e+01
0 0 0 2 5.00000000000070610e-01 5.00000000000070610e-01 5.00000000000070610e-01 34 5.61016494217787312e+01
0 0 0 2 5.00000000000070610e-01 5.00000000000070610e-01 5.00000000000070610e-01 35 5.95534400179865102e+01
0 0 0 2 5.00000000000070610e-01 5.00000000000070610e-01 5.00000000000070610e-01 36 7.07229295402791962e+01
0 0 0 2 5.00000000000070610e-01 5.00000000000070610e-01 5.00000000000070610e-01 37 7.07229295402895985e+01
0 0 0 2 5.00000000000070610e-01 5.00000000000070610e-01 5.00000000000070610e-01 38 8.97183507777429128e+01
0 0 0 2 5.00000000000070610e-01 5.00000000000070610e-01 5.00000000000070610e-01 39 9.31728740962920483e+01
0 0 0 2 5.00000000000070610e-01 5.00000000000070610e-01 5.00000000000070610e-01 40 9.43889523262078711e+01
0 0 0 2 5.00000000000070610e-01 5.00000000000070610e-01 5.00000000000070610e-01 41 1.26013033132562128e+02
0 0 0 2 5.00000000000070610e-01 5.00000000000070610e-01 5.00000000000070610e-01 42 1.26013033132740361e+02
0 0 0 2 5.00000000000070610e-01 5.00000000000070610e-01 5.00000000000070610e-01 43 1.44123163366700453e+02
0 0 0 3 2.50000000000035305e-01 2.50000000000035305e-01 0.00000000000000000e+00 0 -4.61003619821778265e+00
0 0 0 3 2.50000000000035305e-01 2.50000000000035305e-01 0.00000000000000000e+00 1 2.75029462476058795e+00
0 0 0 3 2.50000000000035305e-01 2.50000000000035305e-01 0.00000000000000000e+00 2 4.40391102477488072e+00
0 0 0 3 2.50000000000035305e-01 2.50000000000035305e-01 0.00000000000000000e+00 3 4.40391102745114704e+00
0 0 0 3 2.50000000000035305e-01 2.50000000000035305e-01 0.00000000000000000e+00 4 7.40295549828075483e+00
0 0 0 3 2.50000000000035305e-01 2.50000000000035305e-01 0.00000000000000000e+00 5 9.56353659614109475e+00
0 0 0 3 2.50000000000035305e-01 2.50000000000035305e-01 0.00000000000000000e+00 6 1.20672056537347299e+01
0 0 0 3 2.50000000000035305e-01 2.50000000000035305e-01 0.00000000000000000e+00 7 1.20672056649398627e+01
0 0 0 3 2.50000000000035305e-01 2.50000000000035305e-01 0.00000000000000000e+00 8 1.44426838353755880e+01
0 0 0 3 2.50000000000035305e-01 2.50000000000035305e-01 0.00000000000000000e+00 9 1.52102947329813016e+01
0 0 0 3 2.50000000000035305e-01 2.50000000000035305e-01 0.00000000000000000e+00 10 1.80273748050225429e+01
0 0 0 3 2.50000000000035305e-01 2.50000000000035305e-01 0.00000000000000000e+00 11 1.97780546806855355e+01
0 0 0 3 2.50000000000035305e-01 2.50000000000035305e-01 0.00000000000000000e+00 12 1.97780546857808943e+01
0 0 0 3 2.50000000000035305e-01 2.50000000000035305e-01 0.00000000000000000e+00 13 2.24704415705617855e+01
0 0 0 3 2.50000000000035305e-01 2.50000000000035305e-01 0.00000000000000000e+00 14 2.50291413545026025e+01
0 0 0 3 2.50000000000035305e-01 2.50000000000035305e-01 0.00000000000000000e+00 15 2.50291413545873951e+01
0 0 0 3 2.50000000000035305e-01 2.50000000000035305e-01 0.00000000000000000e+00 16 2.54092034134648976e+01
0 0 0 3 2.50000000000035305e-01 2.50000000000035305e-01 0.00000000000000000e+00 17 2.71346077244657913e+01
0 0 0 3 2.50000000000035305e-01 2.50000000000035305e-01 0.00000000000000000e+00 18 3.21900346141724967e+01
0 0 0 3 2.50000000000035305e-01 2.50000000000035305e-01 0.00000000000000000e+00 19 3.29488221193534088e+01
0 0 0 3 2.50000000000035305e-01 2.50000000000035305e-01 0.00000000000000000e+00 20 3.53132063980533033e+01
0 0 0 3 2.50000000000035305e-01 2.50000000000035305e-01 0.00000000000000000e+00 21 3.53132064649535096e+01
0 0 0 3 2.50000000000035305e-01 2.50000000000035305e-01 0.00000000000000000e+00 22 4.18121294554398233e+01
0 0 0 3 2.50000000000035305e-01 2.50000000000035305e-01 0.00000000000000000e+00 23 4.19836622341388050e+01
0 0 0 3 2.50000000000035305e-01 2.50000000000035305e-01 0.00000000000000000e+00 24 4.22354284475196380e+01
0 0 0 3 2.50000000000035305e-01 2.50000000000035305e-01 0.00000000000000000e+00 25 4.22354284693358721e+01
0 0 0 3 2.50000000000035305e-01 2.50000000000035305e-01 0.00000000000000000e+00 26 4.67772194649047393e+01
0 0 0 3 2.50000000000035305e-01 2.50000000000035305e-01 0.00000000000000000e+00 27 4.74233054384646522e+01
0 0 0 3 2.50000000000035305e-01 2.50000000000035305e-01 0.00000000000000000e+00 28 5.08089449501835730e+01
0 0 0 3 2.50000000000035305e-01 2.50000000000035305e-01 0.00000000000000000e+00 29 5.13968271300583126e+01
0 0 0 3 2.50000000000035305e-01 2.50000000000035305e-01 0.00000000000000000e+00 30 5.13968271888289436e+01
0 0 0 3 2.50000000000035305e-01 2.50000000000035305e-01 0.00000000000000000e+00 31 5.14057731730905729e+01
0 0 0 3 2.50000000000035305e-01 2.50000000000035305e-01 0.00000000000000000e+00 32 5.87755322276479362e+01
0 0 0 3 2.50000000000035305e-01 2.50000000000035305e-01 0.00000000000000000e+00 33 5.87755323090884616e+01
0 0 0 3 2.50000000000035305e-01 2.50000000000035305e-01 0.00000000000000000e+00 34 6.43989151668878179e+01
0 0 0 3 2.50000000000035305e-01 2.50000000000035305e-01 0.00000000000000000e+00 35 6.50253070698606734e+01
0 0 0 3 2.50000000000035305e-01 2.50000000000035305e-01 0.00000000000000000e+00 36 6.50253070895732890e+01
0 0 0 3 2.50000000000035305e-01 2.50000000000035305e-01 0.00000000000000000e+00 37 6.96044607462647349e+01
0 0 0 3 2.50000000000035305e-01 2.50000000000035305e-01 0.00000000000000000e+00 38 8.96798161405867233e+01
0 0 0 3 2.50000000000035305e-01 2.50000000000035305e-01 0.00000000000000000e+00 39 9.33392531737173954e+01
0 0 0 3 2.50000000000035305e-01 2.50000000000035305e-01 0.00000000000000000e+00 40 9.62669681643495352e+01
0 0 0 3 2.50000000000035305e-01 2.50000000000035305e-01 0.00000000000000000e+00 41 1.18413085540882363e+02
0 0 0 3 2.50000000000035305e-01 2.50000000000035305e-01 0.00000000000000000e+00 42 1.49503380941086078e+02
0 0 0 3 2.50000000000035305e-01 2.50000000000035305e-01 0.00000000000000000e+00 43 1.49503381106706570e+02
0 0 0 4 4.99999999999988953e-01 4.99999999999988953e-01 2.50000000000035305e-01 0 -2.97435477694352413e+00
0 0 0 4 4.99999999999988953e-01 4.99999999999988953e-01 2.50000000000035305e-01 1 -1.13189550586584711e-01
0 0 0 4 4.99999999999988953e-01 4.99999999999988953e-01 2.50000000000035305e-01 2 2.74017806380414397e+00
0 0 0 4 4.99999999999988953e-01 4.99999999999988953e-01 2.50000000000035305e-01 3 4.09230089119314666e+00
0 0 0 4 4.99999999999988953e-01 4.99999999999988953e-01 2.50000000000035305e-01 4 7.79491486484769069e+00
0 0 0 4 4.99999999999988953e-01 4.99999999999988953e-01 2.50000000000035305e-01 5 1.08048047406642809e+01
0 0 0 4 4.99999999999988953e-01 4.99999999999988953e-01 2.50000000000035305e-01 6 1.20736647016972309e+01
0 0 0 4 4.99999999999988953e-01 4.99999999999988953e-01 2.50000000000035305e-01 7 1.22220292750587500e+01
0 0 0 4 4.99999999999988953e-01 4.99999999999988953e-01 2.50000000000035305e-01 8 1.66280331213718995e+01
0 0 0 4 4.99999999999988953e-01 4.99999999999988953e-01 2.50000000000035305e-01 9 1.69348869654853935e+01
0 0 0 4 4.99999999999988953e-01 4.99999999999988953e-01 2.50000000000035305e-01 10 1.86974532494488486e+01
0 0 0 4 4.99999999999988953e-01 4.99999999999988953e-01 2.50000000000035305e-01 11 1.92072919195369742e+01
0 0 0 4 4.99999999999988953e-01 4.99999999999988953e-01 2.50000000000035305e-01 12 2.01664907924547343e+01
0 0 0 4 4.99999999999988953e-01 4.99999999999988953e-01 2.50000000000035305e-01 13 2.35291592286546596e+01
0 0 0 4 4.99999999999988953e-01 4.99999999999988953e-01 2.50000000000035305e-01 14 2.46246514620106751e+01
0 0 0 4 4.99999999999988953e-01 4.99999999999988953e-01 2.50000000000035305e-01 15 2.51435056041190848e+01
0 0 0 4 4.99999999999988953e-01 4.99999999999988953e-01 2.50000000000035305e-01 16 2.65245061038604746e+01
0 0 0 4 4.99999999999988953e-01 4.99999999999988953e-01 2.50000000000035305e-01 17 2.74106525009371644e+01
0 0 0 4 4.99999999999988953e-01 4.99999999999988953e-01 2.50000000000035305e-01 18 2.84433557204132832e+01
0 0 0 4 4.99999999999988953e-01 4.99999999999988953e-01 2.50000000000035305e-01 19 3.04439079756250877e+01
0 0 0 4 4.99999999999988953e-01 4.99999999999988953e-01 2.50000000000035305e-01 20 3.35206437874409104e+01
0 0 0 4 4.99999999999988953e-01 4.99999999999988953e-01 2.50000000000035305e-01 21 3.36643830486359761e+01
0 0 0 4 4.99999999999988953e-01 4.99999999999988953e-01 2.50000000000035305e-01 22 3.99294043800563401e+01
0 0 0 4 4.99999999999988953e-01 4.99999999999988953e-01 2.50000000000035305e-01 23 4.25485448374440409e+01
0 0 0 4 4.99999999999988953e-01 4.99999999999988953e-01 2.50000000000035305e-01 24 4.35204383537573278e+01
0 0 0 4 4.99999999999988953e-01 4.99999999999988953e-01 2.50000000000035305e-01 25 4.51682683417637492e+01
0 0 0 4 4.99999999999988953e-01 4.99999999999988953e-01 2.50000000000035305e-01 26 4.61790517618519871e+01
0 0 0 4 4.99999999999988953e-01 4.99999999999988953e-01 2.50000000000035305e-01 27 4.79750526595980631e+01
0 0 0 4 4.99999999999988953e-01 4.99999999999988953e-01 2.50000000000035305e-01 28 4.98350849954921244e+01
0 0 0 4 4.99999999999988953e-01 4.99999999999988953e-01 2.50000000000035305e-01 29 5.17652693827368608e+01
0 0 0 4 4.99999999999988953e-01 4.99999999999988953e-01 2.50000000000035305e-01 30 5.18794019089866225e+01
0 0 0 4 4.99999999999988953e-01 4.99999999999988953e-01 2.50000000000035305e-01 31 5.51218762159602136e+01
0 0 0 4 4.99999999999988953e-01 4.99999999999988953e-01 2.50000000000035305e-01 32 5.54009740312509535e+01
0 0 0 4 4.99999999999988953e-01 4.99999999999988953e-01 2.50000000000035305e-01 33 5.54372861557052090e+01
0 0 0 4 4.99999999999988953e-01 4.99999999999988953e-01 2.50000000000035305e-01 34 5.91379560523706758e+01
0 0 0 4 4.99999999999988953e-01 4.99999999999988953e-01 2.50000000000035305e-01 35 5.99807338538223291e+01
0 0 0 4 4.99999999999988953e-01 4.99999999999988953e-01 2.50000000000035305e-01 36 6.14068574510023950e+01
0 0 0 4 4.99999999999988953e-01 4.99999999999988953e-01 2.50000000000035305e-01 37 6.43512047392776623e+01
0 0 0 4 4.99999999999988953e-01 4.99999999999988953e-01 2.50000000000035305e-01 38 9.01342332614592436e+01
0 0 0 4 4.99999999999988953e-01 4.99999999999988953e-01 2.50000000000035305e-01 39 9.17725963269135434e+01
0 0 0 4 4.99999999999988953e-01 4.99999999999988953e-01 2.50000000000035305e-01 40 9.24106859861959293e+01
0 0 0 4 4.99999999999988953e-01 4.99999999999988953e-01 2.50000000000035305e-01 41 1.20693349586668660e+02
0 0 0 4 4.99999999999988953e-01 4.99999999999988953e-01 2.50000000000035305e-01 42 1.26974064176183376e+02
0 0 0 4 4.99999999999988953e-01 4.99999999999988953e-01 2.50000000000035305e-01 43 1.28737614994020191e+02
0 0 0 5 5.00000000000070610e-01 2.50000000000035305e-01 2.50000000000035305e-01 0 -3.64890391724453611e+00
0 0 0 5 5.00000000000070610e-01 2.50000000000035305e-01 2.50000000000035305e-01 1 7.89951243415596083e-01
0 0 0 5 5.00000000000070610e-01 2.50000000000035305e-01 2.50000000000035305e-01 2 2.52218674653530472e+00
0 0 0 5 5.00000000000070610e-01 2.50000000000035305e-01 2.50000000000035305e-01 3 4.96285730949363746e+00
0 0 0 5 5.00000000000070610e-01 2.50000000000035305e-01 2.50000000000035305e-01 4 8.73495705754199214e+00
0 0 0 5 5.00000000000070610e-01 2.50000000000035305e-01 2.50000000000035305e-01 5 1.10999898367642906e+01
0 0 0 5 5.00000000000070610e-01 2.50000000000035305e-01 2.50000000000035305e-01 6 1.14323150162111506e+01
0 0 0 5 5.00000000000070610e-01 2.50000000000035305e-01 2.50000000000035305e-01 7 1.25591184041621542e+01
0 0 0 5 5.00000000000070610e-01 2.50000000000035305e-01 2.50000000000035305e-01 8 1.28855181434877739e+01
0 0 0 5 5.00000000000070610e-01 2.50000000000035305e-01 2.50000000000035305e-01 9 1.60708265449291865e+01
0 0 0 5 5.00000000000070610e-01 2.50000000000035305e-01 2.50000000000035305e-01 10 1.92942680295179727e+01
0 0 0 5 5.00000000000070610e-01 2.50000000000035305e-01 2.50000000000035305e-01 11 1.98034396036021576e+01
0 0 0 5 5.00000000000070610e-01 2.50000000000035305e-01 2.50000000000035305e-01 12 2.08061080534015623e+01
0 0 0 5 5.00000000000070610e-01 2.50000000000035305e-01 2.50000000000035305e-01 13 2.36013496622183148e+01
0 0 0 5 5.00000000000070610e-01 2.50000000000035305e-01 2.50000000000035305e-01 14 2.39351981846803064e+01
0 0 0 5 5.00000000000070610e-01 2.50000000000035305e-01 2.50000000000035305e-01 15 2.43466235537991160e+01
0 0 0 5 5.00000000000070610e-01 2.50000000000035305e-01 2.50000000000035305e-01 16 2.55458977685623871e+01
0 0 0 5 5.00000000000070610e-01 2.50000000000035305e-01 2.50000000000035305e-01 17 2.79536966375227749e+01
0 0 0 5 5.00000000000070610e-01 2.50000000000035305e-01 2.50000000000035305e-01 18 3.12751149721704778e+01
0 0 0 5 5.00000000000070610e-01 2.50000000000035305e-01 2.50000000000035305e-01 19 3.26932006758581863e+01
0 0 0 5 5.00000000000070610e-01 2.50000000000035305e-01 2.50000000000035305e-01 20 3.46106515690442720e+01
0 0 0 5 5.00000000000070610e-01 2.50000000000035305e-01 2.50000000000035305e-01 21 3.64868687617036684e+01
0 0 0 5 5.00000000000070610e-01 2.50000000000035305e-01 2.50000000000035305e-01 22 3.95269120195749935e+01
0 0 0 5 5.00000000000070610e-01 2.50000000000035305e-01 2.50000000000035305e-01 23 4.46491610338727085e+01
0 0 0 5 5.00000000000070610e-01 2.50000000000035305e-01 2.50000000000035305e-01 24 4.48979815643920830e+01
0 0 0 5 5.00000000000070610e-01 2.50000000000035305e-01 2.50000000000035305e-01 25 4.53797755762875283e+01
0 0 0 5 5.00000000000070610e-01 2.50000000000035305e-01 2.50000000000035305e-01 26 4.64101455782741610e+01
0 0 0 5 5.00000000000070610e-01 2.50000000000035305e-01 2.50000000000035305e-01 27 4.72372040045627557e+01
0 0 0 5 5.00000000000070610e-01 2.50000000000035305e-01 2.50000000000035305e-01 28 4.77008914511116799e+01
0 0 0 5 5.00000000000070610e-01 2.50000000000035305e-01 2.50000000000035305e-01 29 5.14251497678758440e+01
0 0 0 5 5.00000000000070610e-01 2.50000000000035305e-01 2.50000000000035305e-01 30 5.24264721954486816e+01
0 0 0 5 5.00000000000070610e-01 2.50000000000035305e-01 2.50000000000035305e-01 31 5.35775910064056333e+01
0 0 0 5 5.00000000000070610e-01 2.50000000000035305e-01 2.50000000000035305e-01 32 5.41463614457748434e+01
0 0 0 5 5.00000000000070610e-01 2.50000000000035305e-01 2.50000000000035305e-01 33 5.49603402280999660e+01
0 0 0 5 5.00000000000070610e-01 2.50000000000035305e-01 2.50000000000035305e-01 34 5.89492690238947432e+01
0 0 0 5 5.00000000000070610e-01 2.50000000000035305e-01 2.50000000000035305e-01 35 6.11492480322526291e+01
0 0 0 5 5.00000000000070610e-01 2.50000000000035305e-01 2.50000000000035305e-01 36 6.37396871850565248e+01
0 0 0 5 5.00000000000070610e-01 2.50000000000035305e-01 2.50000000000035305e-01 37 6.82607204829714362e+01
0 0 0 5 5.00000000000070610e-01 2.50000000000035305e-01 2.50000000000035305e-01 38 8.93078539586285842e+01
0 0 0 5 5.00000000000070610e-01 2.50000000000035305e-01 2.50000000000035305e-01 39 9.09151081410001325e+01
0 0 0 5 5.00000000000070610e-01 2.50000000000035305e-01 2.50000000000035305e-01 40 9.35882071674078020e+01
0 0 0 5 5.00000000000070610e-01 2.50000000000035305e-01 2.50000000000035305e-01 41 1.22623025099928782e+02
0 0 0 5 5.00000000000070610e-01 2.50000000000035305e-01 2.50000000000035305e-01 42 1.28548981419740699e+02
0 0 0 5 5.00000000000070610e-01 2.50000000000035305e-01 2.50000000000035305e-01 43 1.49248347898526418e+02
0 0 0 6 4.99999999999988898e-01 4.99999999999988898e-01 0.00000000000000000e+00 0 -1.54804248975982772e+00
0 0 0 6 4.99999999999988898e-01 4.99999999999988898e-01 0.00000000000000000e+00 1 -1.54804134352502643e+00
0 0 0 6 4.99999999999988898e-01 4.99999999999988898e-01 0.00000000000000000e+00 2 3.44737731661754099e+00
0 0 0 6 4.99999999999988898e-01 4.99999999999988898e-01 0.00000000000000000e+00 3 3.44737732805758856e+00
0 0 0 6 4.99999999999988898e-01 4.99999999999988898e-01 0.00000000000000000e+00 4 6.97616962941702745e+00
0 0 0 6 4.99999999999988898e-01 4.99999999999988898e-01 0.00000000000000000e+00 5 6.97617062701134483e+00
0 0 0 6 4.99999999999988898e-01 4.99999999999988898e-01 0.00000000000000000e+00 6 1.64563815141910759e+01
0 0 0 6 4.99999999999988898e-01 4.99999999999988898e-01 0.00000000000000000e+00 7 1.64563815282267356e+01
0 0 0 6 4.99999999999988898e-01 4.99999999999988898e-01 0.00000000000000000e+00 8 1.73302694862530160e+01
0 0 0 6 4.99999999999988898e-01 4.99999999999988898e-01 0.00000000000000000e+00 9 1.73302694890058291e+01
0 0 0 6 4.99999999999988898e-01 4.99999999999988898e-01 0.00000000000000000e+00 10 1.90247876979511652e+01
0 0 0 6 4.99999999999988898e-01 4.99999999999988898e-01 0.00000000000000000e+00 11 1.90247877826259781e+01
0 0 0 6 4.99999999999988898e-01 4.99999999999988898e-01 0.00000000000000000e+00 12 1.95066998372844189e+01
0 0 0 6 4.99999999999988898e-01 4.99999999999988898e-01 0.00000000000000000e+00 13 1.95067007420577880e+01
0 0 0 6 4.99999999999988898e-01 4.99999999999988898e-01 0.00000000000000000e+00 14 2.58190646834196684e+01
0 0 0 6 4.99999999999988898e-01 4.99999999999988898e-01 0.00000000000000000e+00 15 2.58190721203676361e+01
0 0 0 6 4.99999999999988898e-01 4.99999999999988898e-01 0.00000000000000000e+00 16 2.78031758358512420e+01
0 0 0 6 4.99999999999988898e-01 4.99999999999988898e-01 0.00000000000000000e+00 17 2.78031758436155201e+01
0 0 0 6 4.99999999999988898e-01 4.99999999999988898e-01 0.00000000000000000e+00 18 2.84513970661328415e+01
0 0 0 6 4.99999999999988898e-01 4.99999999999988898e-01 0.00000000000000000e+00 19 2.84513970709172561e+01
0 0 0 6 4.99999999999988898e-01 4.99999999999988898e-01 0.00000000000000000e+00 20 3.05545578445058226e+01
0 0 0 6 4.99999999999988898e-01 4.99999999999988898e-01 0.00000000000000000e+00 21 3.05545579894407666e+01
0 0 0 6 4.99999999999988898e-01 4.99999999999988898e-01 0.00000000000000000e+00 22 4.04196246979377491e+01
0 0 0 6 4.99999999999988898e-01 4.99999999999988898e-01 0.00000000000000000e+00 23 4.04196562492464651e+01
0 0 0 6 4.99999999999988898e-01 4.99999999999988898e-01 0.00000000000000000e+00 24 4.31798500907415601e+01
0 0 0 6 4.99999999999988898e-01 4.99999999999988898e-01 0.00000000000000000e+00 25 4.31798501438409872e+01
0 0 0 6 4.99999999999988898e-01 4.99999999999988898e-01 0.00000000000000000e+00 26 4.70418641014956620e+01
0 0 0 6 4.99999999999988898e-01 4.99999999999988898e-01 0.00000000000000000e+00 27 4.70418648901419871e+01
0 0 0 6 4.99999999999988898e-01 4.99999999999988898e-01 0.00000000000000000e+00 28 4.92944240173702042e+01
0 0 0 6 4.99999999999988898e-01 4.99999999999988898e-01 0.00000000000000000e+00 29 4.92944240427744873e+01
0 0 0 6 4.99999999999988898e-01 4.99999999999988898e-01 0.00000000000000000e+00 30 5.09889963463439244e+01
0 0 0 6 4.99999999999988898e-01 4.99999999999988898e-01 0.00000000000000000e+00 31 5.09889963477420665e+01
0 0 0 6 4.99999999999988898e-01 4.99999999999988898e-01 0.00000000000000000e+00 32 5.23489540248267744e+01
0 0 0 6 4.99999999999988898e-01 4.99999999999988898e-01 0.00000000000000000e+00 33 5.23489968088857651e+01
0 0 0 6 4.99999999999988898e-01 4.99999999999988898e-01 0.00000000000000000e+00 34 5.94364831437310812e+01
0 0 0 6 4.99999999999988898e-01 4.99999999999988898e-01 0.00000000000000000e+00 35 5.94365075259251512e+01
0 0 0 6 4.99999999999988898e-01 4.99999999999988898e-01 0.00000000000000000e+00 36 6.09825947315795531e+01
0 0 0 6 4.99999999999988898e-01 4.99999999999988898e-01 0.00000000000000000e+00 37 6.09825948163398976e+01
0 0 0 6 4.99999999999988898e-01 4.99999999999988898e-01 0.00000000000000000e+00 38 8.91887640778952147e+01
0 0 0 6 4.99999999999988898e-01 4.99999999999988898e-01 0.00000000000000000e+00 39 8.91895584159512680e+01
0 0 0 6 4.99999999999988898e-01 4.99999999999988898e-01 0.00000000000000000e+00 40 1.01611241330845701e+02
0 0 0 6 4.99999999999988898e-01 4.99999999999988898e-01 0.00000000000000000e+00 41 1.01611247805463023e+02
0 0 0 6 4.99999999999988898e-01 4.99999999999988898e-01 0.00000000000000000e+00 42 1.14866498653180415e+02
0 0 0 6 4.99999999999988898e-01 4.99999999999988898e-01 0.00000000000000000e+00 43 1.14866499005958900e+02
0 0 0 7 4.99999999999988898e-01 2.49999999999953593e-01 7.49999999999964695e-01 0 -1.38283766293730981e+00
0 0 0 7 4.99999999999988898e-01 2.49999999999953593e-01 7.49999999999964695e-01 1 -1.38283601233225362e+00
0 0 0 7 4.99999999999988898e-01 2.49999999999953593e-01 7.49999999999964695e-01 2 2.42316026484101688e+00
0 0 0 7 4.99999999999988898e-01 2.49999999999953593e-01 7.49999999999964695e-01 3 2.42316033281255638e+00
0 0 0 7 4.99999999999988898e-01 2.49999999999953593e-01 7.49999999999964695e-01 4 1.05740729086063485e+01
0 0 0 7 4.99999999999988898e-01 2.49999999999953593e-01 7.49999999999964695e-01 5 1.05740743700090043e+01
0 0 0 7 4.99999999999988898e-01 2.49999999999953593e-01 7.49999999999964695e-01 6 1.13341588287528801e+01
0 0 0 7 4.99999999999988898e-01 2.49999999999953593e-01 7.49999999999964695e-01 7 1.13341596083128096e+01
0 0 0 7 4.99999999999988898e-01 2.49999999999953593e-01 7.49999999999964695e-01 8 1.69310891170136060e+01
0 0 0 7 4.99999999999988898e-01 2.49999999999953593e-01 7.49999999999964695e-01 9 1.69310893202046735e+01
0 0 0 7 4.99999999999988898e-01 2.49999999999953593e-01 7.49999999999964695e-01 10 1.95980497149553052e+01
0 0 0 7 4.99999999999988898e-01 2.49999999999953593e-01 7.49999999999964695e-01 11 1.95980500615524740e+01
0 0 0 7 4.99999999999988898e-01 2.49999999999953593e-01 7.49999999999964695e-01 12 2.33254316413242293e+01
0 0 0 7 4.99999999999988898e-01 2.49999999999953593e-01 7.49999999999964695e-01 13 2.33254326056281336e+01
0 0 0 7 4.99999999999988898e-01 2.49999999999953593e-01 7.49999999999964695e-01 14 2.54603187298155831e+01
0 0 0 7 4.99999999999988898e-01 2.49999999999953593e-01 7.49999999999964695e-01 15 2.54603234239047502e+01
0 0 0 7 4.99999999999988898e-01 2.49999999999953593e-01 7.49999999999964695e-01 16 2.62759861011463265e+01
0 0 0 7 4.99999999999988898e-01 2.49999999999953593e-01 7.49999999999964695e-01 17 2.62759875359358652e+01
0 0 0 7 4.99999999999988898e-01 2.49999999999953593e-01 7.49999999999964695e-01 18 2.72636165724525910e+01
0 0 0 7 4.99999999999988898e-01 2.49999999999953593e-01 7.49999999999964695e-01 19 2.72636206348192474e+01
0 0 0 7 4.99999999999988898e-01 2.49999999999953593e-01 7.49999999999964695e-01 20 3.09921594468840134e+01
0 0 0 7 4.99999999999988898e-01 2.49999999999953593e-01 7.49999999999964695e-01 21 3.09921658918913252e+01
0 0 0 7 4.99999999999988898e-01 2.49999999999953593e-01 7.49999999999964695e-01 22 4.19127201676213659e+01
0 0 0 7 4.99999999999988898e-01 2.49999999999953593e-01 7.49999999999964695e-01 23 4.19127275442298313e+01
0 0 0 7 4.99999999999988898e-01 2.49999999999953593e-01 7.49999999999964695e-01 24 4.55887315557196047e+01
0 0 0 7 4.99999999999988898e-01 2.49999999999953593e-01 7.49999999999964695e-01 25 4.55887317820867182e+01
0 0 0 7 4.99999999999988898e-01 2.49999999999953593e-01 7.49999999999964695e-01 26 4.62232080526633595e+01
0 0 0 7 4.99999999999988898e-01 2.49999999999953593e-01 7.49999999999964695e-01 27 4.62232109357634471e+01
0 0 0 7 4.99999999999988898e-01 2.49999999999953593e-01 7.49999999999964695e-01 28 4.94032578769584987e+01
0 0 0 7 4.99999999999988898e-01 2.49999999999953593e-01 7.49999999999964695e-01 29 4.94032582129114104e+01
0 0 0 7 4.99999999999988898e-01 2.49999999999953593e-01 7.49999999999964695e-01 30 5.74311036604177900e+01
0 0 0 7 4.99999999999988898e-01 2.49999999999953593e-01 7.49999999999964695e-01 31 5.74311131652773668e+01
0 0 0 7 4.99999999999988898e-01 2.49999999999953593e-01 7.49999999999964695e-01 32 5.83815849404103560e+01
0 0 0 7 4.99999999999988898e-01 2.49999999999953593e-01 7.49999999999964695e-01 33 5.83815917328689480e+01
0 0 0 7 4.99999999999988898e-01 2.49999999999953593e-01 7.49999999999964695e-01 34 5.88121638374698961e+01
0 0 0 7 4.99999999999988898e-01 2.49999999999953593e-01 7.49999999999964695e-01 35 5.88121821519544099e+01
0 0 0 7 4.99999999999988898e-01 2.49999999999953593e-01 7.49999999999964695e-01 36 6.41502969202316677e+01
0 0 0 7 4.99999999999988898e-01 2.49999999999953593e-01 7.49999999999964695e-01 37 6.41503078860551881e+01
0 0 0 7 4.99999999999988898e-01 2.49999999999953593e-01 7.49999999999964695e-01 38 8.85927161148675708e+01
0 0 0 7 4.99999999999988898e-01 2.49999999999953593e-01 7.49999999999964695e-01 39 8.85933385098080208e+01
0 0 0 7 4.99999999999988898e-01 2.49999999999953593e-01 7.49999999999964695e-01 40 9.30230612005035908e+01
0 0 0 7 4.99999999999988898e-01 2.49999999999953593e-01 7.49999999999964695e-01 41 9.30234749419476117e+01
0 0 0 7 4.99999999999988898e-01 2.49999999999953593e-01 7.49999999999964695e-01 42 1.23303684258354878e+02
0 0 0 7 4.99999999999988898e-01 2.49999999999953593e-01 7.49999999999964695e-01 43 1.23303805710580335e+02
1 0 0 0 0.00000000000000000e+00 0.00000000000000000e+00 0.00000000000000000e+00 0 -1.23074675478834451e+04
1 0 0 0 0.00000000000000000e+00 0.00000000000000000e+00 0.00000000000000000e+00 1 -6.40085931772099593e+03
1 0 0 0 0.00000000000000000e+00 0.00000000000000000e+00 0.00000000000000000e+00 2 -4.97894552139636653e+03
1 0 0 0 0.00000000000000000e+00 0.00000000000000000e+00 0.00000000000000000e+00 3 -2.25348982994660719e+03
1 0 0 0 0.00000000000000000e+00 0.00000000000000000e+00 0.00000000000000000e+00 4 -1.45439464695148649e+03
1 0 0 0 0.00000000000000000e+00 0.00000000000000000e+00 0.00000000000000000e+00 5 -8.73070183027485427e+02
1 0 0 0 0.00000000000000000e+00 0.00000000000000000e+00 0.00000000000000000e+00 6 -3.45035921473339840e+02
1 0 0 0 0.00000000000000000e+00 0.00000000000000000e+00 0.00000000000000000e+00 7 -2.96186515272573615e+02
1 0 0 0 0.00000000000000000e+00 0.00000000000000000e+00 0.00000000000000000e+00 8 -2.67753744829074549e+02
1 0 0 0 0.00000000000000000e+00 0.00000000000000000e+00 0.00000000000000000e+00 9 -2.45125322716901223e+02
1 0 0 0 0.00000000000000000e+00 0.00000000000000000e+00 0.00000000000000000e+00 10 -2.28869275408099980e+02
1 0 0 0 0.00000000000000000e+00 0.00000000000000000e+00 0.00000000000000000e+00 11 -2.01246640516090054e+02
1 0 0 0 0.00000000000000000e+00 0.00000000000000000e+00 0.00000000000000000e+00 12 -1.79282470222133696e+02
1 0 0 0 0.00000000000000000e+00 0.00000000000000000e+00 0.00000000000000000e+00 13 -1.69066160105784974e+02
1 0 0 0 0.00000000000000000e+00 0.00000000000000000e+00 0.00000000000000000e+00 14 -1.61145772090058358e+02
1 0 0 0 0.00000000000000000e+00 0.00000000000000000e+00 0.00000000000000000e+00 15 -1.53155478835268667e+02
1 0 0 0 0.00000000000000000e+00 0.00000000000000000e+00 0.00000000000000000e+00 16 -1.06977462991762010e+02
1 0 0 0 0.00000000000000000e+00 0.00000000000000000e+00 0.00000000000000000e+00 17 -9.49450953229738275e+01
1 0 0 0 0.00000000000000000e+00 0.00000000000000000e+00 0.00000000000000000e+00 18 -8.91636642739455141e+01
1 0 0 0 0.00000000000000000e+00 0.00000000000000000e+00 0.00000000000000000e+00 19 -8.26961599073271287e+01
1 0 0 0 0.00000000000000000e+00 0.00000000000000000e+00 0.00000000000000000e+00 20 -6.97186395593651298e+01
1 0 0 0 0.00000000000000000e+00 0.00000000000000000e+00 0.00000000000000000e+00 21 -5.33004550016926828e+01
1 0 0 0 0.00000000000000000e+00 0.00000000000000000e+00 0.00000000000000000e+00 22 -4.37831851024366046e+01
1 0 0 0 0.00000000000000000e+00 0.00000000000000000e+00 0.00000000000000000e+00 23 -3.02110263821900418e+01
1 0 0 0 0.00000000000000000e+00 0.00000000000000000e+00 0.00000000000000000e+00 24 -2.92311556563857344e+01
1 0 0 0 0.00000000000000000e+00 0.00000000000000000e+00 0.00000000000000000e+00 25 -1.91282279644881541e+01
1 0 0 0 0.00000000000000000e+00 0.00000000000000000e+00 0.00000000000000000e+00 26 -1.66360193830218428e+01
1 0 0 0 0.00000000000000000e+00 0.00000000000000000e+00 0.00000000000000000e+00 27 -4.02652477340881187e+00
1 0 0 0 0.00000000000000000e+00 0.00000000000000000e+00 0.00000000000000000e+00 28 -1.49438214846567674e+00
1 0 0 0 0.00000000000000000e+00 0.00000000000000000e+00 0.00000000000000000e+00 29 3.15503173578249640e+00
1 0 0 0 0.00000000000000000e+00 0.00000000000000000e+00 0.00000000000000000e+00 30 2.19622872717052147e+01
1 0 0 0 0.00000000000000000e+00 0.00000000000000000e+00 0.00000000000000000e+00 31 2.86967892916382112e+01
1 0 0 0 0.00000000000000000e+00 0.00000000000000000e+00 0.00000000000000000e+00 32 6.35358516403434237e+01
1 0 0 0 0.00000000000000000e+00 0.00000000000000000e+00 0.00000000000000000e+00 33 7.24804395041668812e+01
1 0 0 0 0.00000000000000000e+00 0.00000000000000000e+00 0.00000000000000000e+00 34 9.25957721278711432e+01
1 0 0 0 0.00000000000000000e+00 0.00000000000000000e+00 0.00000000000000000e+00 35 1.94354400260766539e+02
1 0 0 0 0.00000000000000000e+00 0.00000000000000000e+00 0.00000000000000000e+00 36 2.32180042485243462e+02
1 0 0 0 0.00000000000000000e+00 0.00000000000000000e+00 0.00000000000000000e+00 37 5.18818569369995657e+02
1 0 0 0 0.00000000000000000e+00 0.00000000000000000e+00 0.00000000000000000e+00 38 8.00729483271833146e+02
1 0 0 0 0.00000000000000000e+00 0.00000000000000000e+00 0.00000000000000000e+00 39 3.69281814152765401e+03
1 0 0 0 0.00000000000000000e+00 0.00000000000000000e+00 0.00000000000000000e+00 40 3.54213369273605131e+04
1 0 0 0 0.00000000000000000e+00 0.00000000000000000e+00 0.00000000000000000e+00 41 5.57435716463467325e+04
1 0 0 0 0.00000000000000000e+00 0.00000000000000000e+00 0.00000000000000000e+00 42 1.25028833904216139e+05
1 0 0 0 0.00000000000000000e+00 0.00000000000000000e+00 0.00000000000000000e+00 43 1.90297477571017836e+05
1 0 0 1 2.50000000000035305e-01 2.50000000000035305e-01 2.50000000000035305e-01 0 -4.41779945079633253e+04
1 0 0 1 2.50000000000035305e-01 2.50000000000035305e-01 2.50000000000035305e-01 1 -1.19014311357216429e+04
1 0 0 1 2.50000000000035305e-01 2.50000000000035305e-01 2.50000000000035305e-01 2 -6.18397391926964337e+03
1 0 0 1 2.50000000000035305e-01 2.50000000000035305e-01 2.50000000000035305e-01 3 -1.62804309675238142e+03
1 0 0 1 2.50000000000035305e-01 2.50000000000035305e-01 2.50000000000035305e-01 4 -1.02154282678844470e+03
1 0 0 1 2.50000000000035305e-01 2.50000000000035305e-01 2.50000000000035305e-01 5 -5.00016512888377804e+02
1 0 0 1 2.50000000000035305e-01 2.50000000000035305e-01 2.50000000000035305e-01 6 -3.05669606935267552e+02
1 0 0 1 2.50000000000035305e-01 2.50000000000035305e-01 2.50000000000035305e-01 7 -2.98706146513834199e+02
1 0 0 1 2.50000000000035305e-01 2.50000000000035305e-01 2.50000000000035305e-01 8 -2.47677165839223591e+02
1 0 0 1 2.50000000000035305e-01 2.50000000000035305e-01 2.50000000000035305e-01 9 -2.08332662041460168e+02
1 0 0 1 2.50000000000035305e-01 2.50000000000035305e-01 2.50000000000035305e-01 10 -1.91382838742512632e+02
1 0 0 1 2.50000000000035305e-01 2.50000000000035305e-01 2.50000000000035305e-01 11 -1.80614258853446273e+02
1 0 0 1 2.50000000000035305e-01 2.50000000000035305e-01 2.50000000000035305e-01 12 -1.62821674999405076e+02
1 0 0 1 2.50000000000035305e-01 2.50000000000035305e-01 2.50000000000035305e-01 13 -1.44686740260236093e+02
1 0 0 1 2.50000000000035305e-01 2.50000000000035305e-01 2.50000000000035305e-01 14 -1.31215079044399175e+02
1 0 0 1 2.50000000000035305e-01 2.50000000000035305e-01 2.50000000000035305e-01 15 -1.18041527512970220e+02
1 0 0 1 2.50000000000035305e-01 2.50000000000035305e-01 2.50000000000035305e-01 16 -1.13911652554534456e+02
1 0 0 1 2.50000000000035305e-01 2.50000000000035305e-01 2.50000000000035305e-01 17 -9.17085175444294407e+01
1 0 0 1 2.50000000000035305e-01 2.50000000000035305e-01 2.50000000000035305e-01 18 -8.54507043697566075e+01
1 0 0 1 2.50000000000035305e-01 2.50000000000035305e-01 2.50000000000035305e-01 19 -8.00323116903447271e+01
1 0 0 1 2.50000000000035305e-01 2.50000000000035305e-01 2.50000000000035305e-01 20 -7.74859403070089741e+01
1 0 0 1 2.50000000000035305e-01 2.50000000000035305e-01 2.50000000000035305e-01 21 -6.54867225603596808e+01
1 0 0 1 2.50000000000035305e-01 2.50000000000035305e-01 2.50000000000035305e-01 22 -4.70751561190353911e+01
1 0 0 1 2.50000000000035305e-01 2.50000000000035305e-01 2.50000000000035305e-01 23 -4.27626515640861342e+01
1 0 0 1 2.50000000000035305e-01 2.50000000000035305e-01 2.50000000000035305e-01 24 -3.03593558500683578e+01
1 0 0 1 2.50000000000035305e-01 2.50000000000035305e-01 2.50000000000035305e-01 25 -1.82398961760954954e+01
1 0 0 1 2.50000000000035305e-01 2.50000000000035305e-01 2.50000000000035305e-01 26 -1.69418991843468909e+01
1 0 0 1 2.50000000000035305e-01 2.50000000000035305e-01 2.50000000000035305e-01 27 -1.09425105939468388e+01
1 0 0 1 2.50000000000035305e-01 2.50000000000035305e-01 2.50000000000035305e-01 28 -6.76840536898501544e+00
1 0 0 1 2.50000000000035305e-01 2.50000000000035305e-01 2.50000000000035305e-01 29 -4.53138395934790417e+00
1 0 0 1 2.50000000000035305e-01 2.50000000000035305e-01 2.50000000000035305e-01 30 4.79353401378641841e+00
1 0 0 1 2.50000000000035305e-01 2.50000000000035305e-01 2.50000000000035305e-01 31 9.25195541812542999e+00
1 0 0 1 2.50000000000035305e-01 2.50000000000035305e-01 2.50000000000035305e-01 32 2.07140654921140737e+01
1 0 0 1 2.50000000000035305e-01 2.50000000000035305e-01 2.50000000000035305e-01 33 3.22598295093020013e+01
1 0 0 1 2.50000000000035305e-01 2.50000000000035305e-01 2.50000000000035305e-01 34 5.44415735486690977e+01
1 0 0 1 2.50000000000035305e-01 2.50000000000035305e-01 2.50000000000035305e-01 35 1.82116619704073855e+02
1 0 0 1 2.50000000000035305e-01 2.50000000000035305e-01 2.50000000000035305e-01 36 2.84474849458081792e+02
1 0 0 1 2.50000000000035305e-01 2.50000000000035305e-01 2.50000000000035305e-01 37 3.86749772208788727e+02
1 0 0 1 2.50000000000035305e-01 2.50000000000035305e-01 2.50000000000035305e-01 38 4.96102561463085863e+02
1 0 0 1 2.50000000000035305e-01 2.50000000000035305e-01 2.50000000000035305e-01 39 8.47541848827886611e+02
1 0 0 1 2.50000000000035305e-01 2.50000000000035305e-01 2.50000000000035305e-01 40 2.94331590940517253e+03
1 0 0 1 2.50000000000035305e-01 2.50000000000035305e-01 2.50000000000035305e-01 41 1.09548547605817821e+04
1 0 0 1 2.50000000000035305e-01 2.50000000000035305e-01 2.50000000000035305e-01 42 4.52762014269065694e+04
1 0 0 1 2.50000000000035305e-01 2.50000000000035305e-01 2.50000000000035305e-01 43 9.36119176681741374e+04
1 0 0 2 5.00000000000070610e-01 5.00000000000070610e-01 5.00000000000070610e-01 0 -2.29662537745769623e+04
1 0 0 2 5.00000000000070610e-01 5.00000000000070610e-01 5.00000000000070610e-01 1 -1.10750722757726453e+04
1 0 0 2 5.00000000000070610e-01 5.00000000000070610e-01 5.00000000000070610e-01 2 -4.14298160411167191e+03
1 0 0 2 5.00000000000070610e-01 5.00000000000070610e-01 5.00000000000070610e-01 3 -1.54521921542787277e+03
1 0 0 2 5.00000000000070610e-01 5.00000000000070610e-01 5.00000000000070610e-01 4 -9.73444336104454919e+02
1 0 0 2 5.00000000000070610e-01 5.00000000000070610e-01 5.00000000000070610e-01 5 -3.91867195861628090e+02
1 0 0 2 5.00000000000070610e-01 5.00000000000070610e-01 5.00000000000070610e-01 6 -2.48902076642440477e+02
1 0 0 2 5.00000000000070610e-01 5.00000000000070610e-01 5.00000000000070610e-01 7 -2.46062324272845729e+02
1 0 0 2 5.00000000000070610e-01 5.00000000000070610e-01 5.00000000000070610e-01 8 -2.25188045485813063e+02
1 0 0 2 5.00000000000070610e-01 5.00000000000070610e-01 5.00000000000070610e-01 9 -2.21140258537075539e+02
1 0 0 2 5.00000000000070610e-01 5.00000000000070610e-01 5.00000000000070610e-01 10 -1.92877179828805652e+02
1 0 0 2 5.00000000000070610e-01 5.00000000000070610e-01 5.00000000000070610e-01 11 -1.82320622006334276e+02
1 0 0 2 5.00000000000070610e-01 5.00000000000070610e-01 5.00000000000070610e-01 12 -1.67923390136281114e+02
1 0 0 2 5.00000000000070610e-01 5.00000000000070610e-01 5.00000000000070610e-01 13 -1.60625335355947129e+02
1 0 0 2 5.00000000000070610e-01 5.00000000000070610e-01 5.00000000000070610e-01 14 -1.38929921701417612e+02
1 0 0 2 5.00000000000070610e-01 5.00000000000070610e-01 5.00000000000070610e-01 15 -1.37120378077810074e+02
1 0 0 2 5.00000000000070610e-01 5.00000000000070610e-01 5.00000000000070610e-01 16 -1.21707264862798667e+02
1 0 0 2 5.00000000000070610e-01 5.00000000000070610e-01 5.00000000000070610e-01 17 -1.19740985478411162e+02
1 0 0 2 5.00000000000070610e-01 5.00000000000070610e-01 5.00000000000070610e-01 18 -1.06019399536252223e+02
1 0 0 2 5.00000000000070610e-01 5.00000000000070610e-01 5.00000000000070610e-01 19 -8.68149997919905871e+01
1 0 0 2 5.00000000000070610e-01 5.00000000000070610e-01 5.00000000000070610e-01 20 -8.51090224243679785e+01
1 0 0 2 5.00000000000070610e-01 5.00000000000070610e-01 5.00000000000070610e-01 21 -6.76151403687321562e+01
1 0 0 2 5.00000000000070610e-01 5.00000000000070610e-01 5.00000000000070610e-01 22 -6.66397303017231479e+01
1 0 0 2 5.00000000000070610e-01 5.00000000000070610e-01 5.00000000000070610e-01 23 -5.30384998156358165e+01
1 0 0 2 5.00000000000070610e-01 5.00000000000070610e-01 5.00000000000070610e-01 24 -4.20512879303186793e+01
1 0 0 2 5.00000000000070610e-01 5.00000000000070610e-01 5.00000000000070610e-01 25 -2.17997956102531738e+01
1 0 0 2 5.00000000000070610e-01 5.00000000000070610e-01 5.00000000000070610e-01 26 -2.16419847158694125e+01
1 0 0 2 5.00000000000070610e-01 5.00000000000070610e-01 5.00000000000070610e-01 27 -1.50944658186487111e+01
1 0 0 2 5.00000000000070610e-01 5.00000000000070610e-01 5.00000000000070610e-01 28 -6.05189986244545430e+00
1 0 0 2 5.00000000000070610e-01 5.00000000000070610e-01 5.00000000000070610e-01 29 7.71198008052229422e+00
1 0 0 2 5.00000000000070610e-01 5.00000000000070610e-01 5.00000000000070610e-01 30 1.25130394588045029e+01
1 0 0 2 5.00000000000070610e-01 5.00000000000070610e-01 5.00000000000070610e-01 31 1.83135529738294203e+01
1 0 0 2 5.00000000000070610e-01 5.00000000000070610e-01 5.00000000000070610e-01 32 2.07907906873622252e+01
1 0 0 2 5.00000000000070610e-01 5.00000000000070610e-01 5.00000000000070610e-01 33 3.47562697839067596e+01
1 0 0 2 5.00000000000070610e-01 5.00000000000070610e-01 5.00000000000070610e-01 34 4.34268530227001861e+01
1 0 0 2 5.00000000000070610e-01 5.00000000000070610e-01 5.00000000000070610e-01 35 7.17843394603652456e+01
1 0 0 2 5.00000000000070610e-01 5.00000000000070610e-01 5.00000000000070610e-01 36 8.37211477473830996e+01
1 0 0 2 5.00000000000070610e-01 5.00000000000070610e-01 5.00000000000070610e-01 37 9.36423795510698938e+01
1 0 0 2 5.00000000000070610e-01 5.00000000000070610e-01 5.00000000000070610e-01 38 1.16271114664825078e+02
1 0 0 2 5.00000000000070610e-01 5.00000000000070610e-01 5.00000000000070610e-01 39 1.29774044868954149e+02
1 0 0 2 5.00000000000070610e-01 5.00000000000070610e-01 5.00000000000070610e-01 40 8.99963964194362120e+02
1 0 0 2 5.00000000000070610e-01 5.00000000000070610e-01 5.00000000000070610e-01 41 1.51615048543493831e+04
1 0 0 2 5.00000000000070610e-01 5.00000000000070610e-01 5.00000000000070610e-01 42 3.50426697607738824e+04
1 0 0 2 5.00000000000070610e-01 5.00000000000070610e-01 5.00000000000070610e-01 43 6.65613626265369094e+04
1 0 0 3 2.50000000000035305e-01 2.50000000000035305e-01 0.00000000000000000e+00 0 -2.65752285189037721e+04
1 0 0 3 2.50000000000035305e-01 2.50000000000035305e-01 0.00000000000000000e+00 1 -3.54195821529944305e+03
1 0 0 3 2.50000000000035305e-01 2.50000000000035305e-01 0.00000000000000000e+00 2 -2.22303197685570012e+03
1 0 0 3 2.50000000000035305e-01 2.50000000000035305e-01 0.00000000000000000e+00 3 -1.59238837523955726e+03
1 0 0 3 2.50000000000035305e-01 2.50000000000035305e-01 0.00000000000000000e+00 4 -8.11488917920160929e+02
1 0 0 3 2.50000000000035305e-01 2.50000000000035305e-01 0.00000000000000000e+00 5 -3.48806148267043341e+02
1 0 0 3 2.50000000000035305e-01 2.50000000000035305e-01 0.00000000000000000e+00 6 -3.05875757966798801e+02
1 0 0 3 2.50000000000035305e-01 2.50000000000035305e-01 0.00000000000000000e+00 7 -2.66550194263748324e+02
1 0 0 3 2.50000000000035305e-01 2.50000000000035305e-01 0.00000000000000000e+00 8 -2.37469641753680264e+02
1 0 0 3 2.50000000000035305e-01 2.50000000000035305e-01 0.00000000000000000e+00 9 -2.02631260639333249e+02
1 0 0 3 2.50000000000035305e-01 2.50000000000035305e-01 0.00000000000000000e+00 10 -1.79111627374992594e+02
1 0 0 3 2.50000000000035305e-01 2.50000000000035305e-01 0.00000000000000000e+00 11 -1.67601780837890999e+02
1 0 0 3 2.50000000000035305e-01 2.50000000000035305e-01 0.00000000000000000e+00 12 -1.49247136052624285e+02
1 0 0 3 2.50000000000035305e-01 2.50000000000035305e-01 0.00000000000000000e+00 13 -1.21651423535492327e+02
1 0 0 3 2.50000000000035305e-01 2.50000000000035305e-01 0.00000000000000000e+00 14 -1.14192424816735240e+02
1 0 0 3 2.50000000000035305e-01 2.50000000000035305e-01 0.00000000000000000e+00 15 -9.98237431586285453e+01
1 0 0 3 2.50000000000035305e-01 2.50000000000035305e-01 0.00000000000000000e+00 16 -9.32962032605823737e+01
1 0 0 3 2.50000000000035305e-01 2.50000000000035305e-01 0.00000000000000000e+00 17 -8.89860381836279828e+01
1 0 0 3 2.50000000000035305e-01 2.50000000000035305e-01 0.00000000000000000e+00 18 -7.52331130738502338e+01
1 0 0 3 2.50000000000035305e-01 2.50000000000035305e-01 0.00000000000000000e+00 19 -7.21757942359653697e+01
1 0 0 3 2.50000000000035305e-01 2.50000000000035305e-01 0.00000000000000000e+00 20 -6.15966893636820814e+01
1 0 0 3 2.50000000000035305e-01 2.50000000000035305e-01 0.00000000000000000e+00 21 -5.64853239350781422e+01
1 0 0 3 2.50000000000035305e-01 2.50000000000035305e-01 0.00000000000000000e+00 22 -3.39308316023516312e+01
1 0 0 3 2.50000000000035305e-01 2.50000000000035305e-01 0.00000000000000000e+00 23 -3.22604015199652565e+01
1 0 0 3 2.50000000000035305e-01 2.50000000000035305e-01 0.00000000000000000e+00 24 -2.69630811922321989e+01
1 0 0 3 2.50000000000035305e-01 2.50000000000035305e-01 0.00000000000000000e+00 25 -1.70994698654287127e+01
1 0 0 3 2.50000000000035305e-01 2.50000000000035305e-01 0.00000000000000000e+00 26 -1.09295311821178043e+01
1 0 0 3 2.50000000000035305e-01 2.50000000000035305e-01 0.00000000000000000e+00 27 -2.98184854375014918e+00
1 0 0 3 2.50000000000035305e-01 2.50000000000035305e-01 0.00000000000000000e+00 28 3.99368826173452396e+00
1 0 0 3 2.50000000000035305e-01 2.50000000000035305e-01 0.00000000000000000e+00 29 1.10803514331679214e+01
1 0 0 3 2.50000000000035305e-01 2.50000000000035305e-01 0.00000000000000000e+00 30 1.66110350863395091e+01
1 0 0 3 2.50000000000035305e-01 2.50000000000035305e-01 0.00000000000000000e+00 31 1.93995531463883246e+01
1 0 0 3 2.50000000000035305e-01 2.50000000000035305e-01 0.00000000000000000e+00 32 2.40747822939231249e+01
1 0 0 3 2.50000000000035305e-01 2.50000000000035305e-01 0.00000000000000000e+00 33 3.46060413113148044e+01
1 0 0 3 2.50000000000035305e-01 2.50000000000035305e-01 0.00000000000000000e+00 34 5.28144246917085383e+01
1 0 0 3 2.50000000000035305e-01 2.50000000000035305e-01 0.00000000000000000e+00 35 1.16243202735939235e+02
1 0 0 3 2.50000000000035305e-01 2.50000000000035305e-01 0.00000000000000000e+00 36 1.49793193028821406e+02
1 0 0 3 2.50000000000035305e-01 2.50000000000035305e-01 0.00000000000000000e+00 37 2.35982927382222016e+02
1 0 0 3 2.50000000000035305e-01 2.50000000000035305e-01 0.00000000000000000e+00 38 3.06626309038286536e+02
1 0 0 3 2.50000000000035305e-01 2.50000000000035305e-01 0.00000000000000000e+00 39 4.13619799065515508e+02
1 0 0 3 2.50000000000035305e-01 2.50000000000035305e-01 0.00000000000000000e+00 40 3.42628548607009134e+03
1 0 0 3 2.50000000000035305e-01 2.50000000000035305e-01 0.00000000000000000e+00 41 3.19703688913755068e+04
1 0 0 3 2.50000000000035305e-01 2.50000000000035305e-01 0.00000000000000000e+00 42 4.19165306934196997e+04
1 0 0 3 2.50000000000035305e-01 2.50000000000035305e-01 0.00000000000000000e+00 43 4.73325353751645380e+04
1 0 0 4 4.99999999999988953e-01 4.99999999999988953e-01 2.50000000000035305e-01 0 -1.09604481756299701e+04
1 0 0 4 4.99999999999988953e-01 4.99999999999988953e-01 2.50000000000035305e-01 1 -2.17189632478298336e+03
1 0 0 4 4.99999999999988953e-01 4.99999999999988953e-01 2.50000000000035305e-01 2 -1.25150740333882095e+03
1 0 0 4 4.99999999999988953e-01 4.99999999999988953e-01 2.50000000000035305e-01 3 -8.81832281858184729e+02
1 0 0 4 4.99999999999988953e-01 4.99999999999988953e-01 2.50000000000035305e-01 4 -4.36690415973415554e+02
1 0 0 4 4.99999999999988953e-01 4.99999999999988953e-01 2.50000000000035305e-01 5 -2.90103172615216465e+02
1 0 0 4 4.99999999999988953e-01 4.99999999999988953e-01 2.50000000000035305e-01 6 -2.30369894346190137e+02
1 0 0 4 4.99999999999988953e-01 4.99999999999988953e-01 2.50000000000035305e-01 7 -2.21868190332444243e+02
1 0 0 4 4.99999999999988953e-01 4.99999999999988953e-01 2.50000000000035305e-01 8 -2.08060669567612479e+02
1 0 0 4 4.99999999999988953e-01 4.99999999999988953e-01 2.50000000000035305e-01 9 -2.00352563652657523e+02
1 0 0 4 4.99999999999988953e-01 4.99999999999988953e-01 2.50000000000035305e-01 10 -1.79597527119262026e+02
1 0 0 4 4.99999999999988953e-01 4.99999999999988953e-01 2.50000000000035305e-01 11 -1.65220493382882665e+02
1 0 0 4 4.99999999999988953e-01 4.99999999999988953e-01 2.50000000000035305e-01 12 -1.50174147162935157e+02
1 0 0 4 4.99999999999988953e-01 4.99999999999988953e-01 2.50000000000035305e-01 13 -1.36382626631581701e+02
1 0 0 4 4.99999999999988953e-01 4.99999999999988953e-01 2.50000000000035305e-01 14 -1.21471420553907663e+02
1 0 0 4 4.99999999999988953e-01 4.99999999999988953e-01 2.50000000000035305e-01 15 -1.12721347538199481e+02
1 0 0 4 4.99999999999988953e-01 4.99999999999988953e-01 2.50000000000035305e-01 16 -1.07082673812608533e+02
1 0 0 4 4.99999999999988953e-01 4.99999999999988953e-01 2.50000000000035305e-01 17 -9.66478666622322180e+01
1 0 0 4 4.99999999999988953e-01 4.99999999999988953e-01 2.50000000000035305e-01 18 -9.30854069555192751e+01
1 0 0 4 4.99999999999988953e-01 4.99999999999988953e-01 2.50000000000035305e-01 19 -7.88880762967001914e+01
1 0 0 4 4.99999999999988953e-01 4.99999999999988953e-01 2.50000000000035305e-01 20 -7.24094243214014313e+01
1 0 0 4 4.99999999999988953e-01 4.99999999999988953e-01 2.50000000000035305e-01 21 -5.31601407326836153e+01
1 0 0 4 4.99999999999988953e-01 4.99999999999988953e-01 2.50000000000035305e-01 22 -4.00622167190001264e+01
1 0 0 4 4.99999999999988953e-01 4.99999999999988953e-01 2.50000000000035305e-01 23 -3.54517830819295412e+01
1 0 0 4 4.99999999999988953e-01 4.99999999999988953e-01 2.50000000000035305e-01 24 -2.84986735915566776e+01
1 0 0 4 4.99999999999988953e-01 4.99999999999988953e-01 2.50000000000035305e-01 25 -2.67491263457267117e+01
1 0 0 4 4.99999999999988953e-01 4.99999999999988953e-01 2.50000000000035305e-01 26 -1.28575521959576911e+01
1 0 0 4 4.99999999999988953e-01 4.99999999999988953e-01 2.50000000000035305e-01 27 -1.01615006229460629e+01
1 0 0 4 4.99999999999988953e-01 4.99999999999988953e-01 2.50000000000035305e-01 28 -2.78344652473007903e+00
1 0 0 4 4.99999999999988953e-01 4.99999999999988953e-01 2.50000000000035305e-01 29 2.12648403857564050e+00
1 0 0 4 4.99999999999988953e-01 4.99999999999988953e-01 2.50000000000035305e-01 30 7.42014171874909145e+00
1 0 0 4 4.99999999999988953e-01 4.99999999999988953e-01 2.50000000000035305e-01 31 1.51214925721005518e+01
1 0 0 4 4.99999999999988953e-01 4.99999999999988953e-01 2.50000000000035305e-01 32 2.69905330785398441e+01
1 0 0 4 4.99999999999988953e-01 4.99999999999988953e-01 2.50000000000035305e-01 33 3.66960822733738112e+01
1 0 0 4 4.99999999999988953e-01 4.99999999999988953e-01 2.50000000000035305e-01 34 5.24893043897567821e+01
1 0 0 4 4.99999999999988953e-01 4.99999999999988953e-01 2.50000000000035305e-01 35 8.74791086733492733e+01
1 0 0 4 4.99999999999988953e-01 4.99999999999988953e-01 2.50000000000035305e-01 36 1.59128628785576126e+02
1 0 0 4 4.99999999999988953e-01 4.99999999999988953e-01 2.50000000000035305e-01 37 1.77351090616564989e+02
1 0 0 4 4.99999999999988953e-01 4.99999999999988953e-01 2.50000000000035305e-01 38 2.13932577977907130e+02
1 0 0 4 4.99999999999988953e-01 4.99999999999988953e-01 2.50000000000035305e-01 39 4.28498412359192230e+02
1 0 0 4 4.99999999999988953e-01 4.99999999999988953e-01 2.50000000000035305e-01 40 1.38695129584008782e+03
1 0 0 4 4.99999999999988953e-01 4.99999999999988953e-01 2.50000000000035305e-01 41 2.01099403332785478e+04
1 0 0 4 4.99999999999988953e-01 4.99999999999988953e-01 2.50000000000035305e-01 42 2.33843085353536044e+04
1 0 0 4 4.99999999999988953e-01 4.99999999999988953e-01 2.50000000000035305e-01 43 4.15018525327481184e+04
1 0 0 5 5.00000000000070610e-01 2.50000000000035305e-01 2.50000000000035305e-01 0 -2.27893034766834571e+04
1 0 0 5 5.00000000000070610e-01 2.50000000000035305e-01 2.50000000000035305e-01 1 -3.36904249047370968e+03
1 0 0 5 5.00000000000070610e-01 2.50000000000035305e-01 2.50000000000035305e-01 2 -1.54496590173642221e+03
1 0 0 5 5.00000000000070610e-01 2.50000000000035305e-01 2.50000000000035305e-01 3 -1.18718895925011134e+03
1 0 0 5 5.00000000000070610e-01 2.50000000000035305e-01 2.50000000000035305e-01 4 -5.29585290880930302e+02
1 0 0 5 5.00000000000070610e-01 2.50000000000035305e-01 2.50000000000035305e-01 5 -3.92651034832122946e+02
1 0 0 5 5.00000000000070610e-01 2.50000000000035305e-01 2.50000000000035305e-01 6 -3.08014345149720214e+02
1 0 0 5 5.00000000000070610e-01 2.50000000000035305e-01 2.50000000000035305e-01 7 -2.66514474608947751e+02
1 0 0 5 5.00000000000070610e-01 2.50000000000035305e-01 2.50000000000035305e-01 8 -2.19450270851592393e+02
1 0 0 5 5.00000000000070610e-01 2.50000000000035305e-01 2.50000000000035305e-01 9 -2.12599050077867616e+02
1 0 0 5 5.00000000000070610e-01 2.50000000000035305e-01 2.50000000000035305e-01 10 -1.95320983237650694e+02
1 0 0 5 5.00000000000070610e-01 2.50000000000035305e-01 2.50000000000035305e-01 11 -1.72011927756612721e+02
1 0 0 5 5.00000000000070610e-01 2.50000000000035305e-01 2.50000000000035305e-01 12 -1.49584621465350494e+02
1 0 0 5 5.00000000000070610e-01 2.50000000000035305e-01 2.50000000000035305e-01 13 -1.35700890993196424e+02
1 0 0 5 5.00000000000070610e-01 2.50000000000035305e-01 2.50000000000035305e-01 14 -1.33598970127651512e+02
1 0 0 5 5.00000000000070610e-01 2.50000000000035305e-01 2.50000000000035305e-01 15 -1.26182796607057398e+02
1 0 0 5 5.00000000000070610e-01 2.50000000000035305e-01 2.50000000000035305e-01 16 -1.11061834401002741e+02
1 0 0 5 5.00000000000070610e-01 2.50000000000035305e-01 2.50000000000035305e-01 17 -9.23066015765141685e+01
1 0 0 5 5.00000000000070610e-01 2.50000000000035305e-01 2.50000000000035305e-01 18 -8.50942149743024174e+01
1 0 0 5 5.00000000000070610e-01 2.50000000000035305e-01 2.50000000000035305e-01 19 -8.24374165627392586e+01
1 0 0 5 5.00000000000070610e-01 2.50000000000035305e-01 2.50000000000035305e-01 20 -6.54913229362586975e+01
1 0 0 5 5.00000000000070610e-01 2.50000000000035305e-01 2.50000000000035305e-01 21 -5.91151470313601379e+01
1 0 0 5 5.00000000000070610e-01 2.50000000000035305e-01 2.50000000000035305e-01 22 -4.70098686358526976e+01
1 0 0 5 5.00000000000070610e-01 2.50000000000035305e-01 2.50000000000035305e-01 23 -3.45551796924788448e+01
1 0 0 5 5.00000000000070610e-01 2.50000000000035305e-01 2.50000000000035305e-01 24 -2.69261640172182908e+01
1 0 0 5 5.00000000000070610e-01 2.50000000000035305e-01 2.50000000000035305e-01 25 -2.53099355622706703e+01
1 0 0 5 5.00000000000070610e-01 2.50000000000035305e-01 2.50000000000035305e-01 26 -2.18250177011071536e+01
1 0 0 5 5.00000000000070610e-01 2.50000000000035305e-01 2.50000000000035305e-01 27 -1.43804328420008716e+01
1 0 0 5 5.00000000000070610e-01 2.50000000000035305e-01 2.50000000000035305e-01 28 -6.13676852880990342e+00
1 0 0 5 5.00000000000070610e-01 2.50000000000035305e-01 2.50000000000035305e-01 29 1.91999799163338980e+00
1 0 0 5 5.00000000000070610e-01 2.50000000000035305e-01 2.50000000000035305e-01 30 8.50212747793009882e+00
1 0 0 5 5.00000000000070610e-01 2.50000000000035305e-01 2.50000000000035305e-01 31 1.69605697397120565e+01
1 0 0 5 5.00000000000070610e-01 2.50000000000035305e-01 2.50000000000035305e-01 32 3.65697507064085556e+01
1 0 0 5 5.00000000000070610e-01 2.50000000000035305e-01 2.50000000000035305e-01 33 4.57163187858845035e+01
1 0 0 5 5.00000000000070610e-01 2.50000000000035305e-01 2.50000000000035305e-01 34 7.04916267937397549e+01
1 0 0 5 5.00000000000070610e-01 2.50000000000035305e-01 2.50000000000035305e-01 35 8.61965822089417770e+01
1 0 0 5 5.00000000000070610e-01 2.50000000000035305e-01 2.50000000000035305e-01 36 1.40534936702372931e+02
1 0 0 5 5.00000000000070610e-01 2.50000000000035305e-01 2.50000000000035305e-01 37 1.87799172826480174e+02
1 0 0 5 5.00000000000070610e-01 2.50000000000035305e-01 2.50000000000035305e-01 38 3.20768125824721210e+02
1 0 0 5 5.00000000000070610e-01 2.50000000000035305e-01 2.50000000000035305e-01 39 3.69508180915431126e+02
1 0 0 5 5.00000000000070610e-01 2.50000000000035305e-01 2.50000000000035305e-01 40 6.43024721291494075e+02
1 0 0 5 5.00000000000070610e-01 2.50000000000035305e-01 2.50000000000035305e-01 41 1.49199002384804535e+04
1 0 0 5 5.00000000000070610e-01 2.50000000000035305e-01 2.50000000000035305e-01 42 3.27598539498653772e+04
1 0 0 5 5.00000000000070610e-01 2.50000000000035305e-01 2.50000000000035305e-01 43 5.82439596716466040e+04
1 0 0 6 4.99999999999988898e-01 4.99999999999988898e-01 0.00000000000000000e+00 0 -2.37426996551660477e+03
1 0 0 6 4.99999999999988898e-01 4.99999999999988898e-01 0.00000000000000000e+00 1 -1.22809436353090587e+03
1 0 0 6 4.99999999999988898e-01 4.99999999999988898e-01 0.00000000000000000e+00 2 -6.66878228052374425e+02
1 0 0 6 4.99999999999988898e-01 4.99999999999988898e-01 0.00000000000000000e+00 3 -3.09000197864719155e+02
1 0 0 6 4.99999999999988898e-01 4.99999999999988898e-01 0.00000000000000000e+00 4 -3.01468140644791163e+02
1 0 0 6 4.99999999999988898e-01 4.99999999999988898e-01 0.00000000000000000e+00 5 -2.75848917875919483e+02
1 0 0 6 4.99999999999988898e-01 4.99999999999988898e-01 0.00000000000000000e+00 6 -2.18763897755675032e+02
1 0 0 6 4.99999999999988898e-01 4.99999999999988898e-01 0.00000000000000000e+00 7 -2.15806113386811433e+02
1 0 0 6 4.99999999999988898e-01 4.99999999999988898e-01 0.00000000000000000e+00 8 -2.04946247919953976e+02
1 0 0 6 4.99999999999988898e-01 4.99999999999988898e-01 0.00000000000000000e+00 9 -2.01887426632107093e+02
1 0 0 6 4.99999999999988898e-01 4.99999999999988898e-01 0.00000000000000000e+00 10 -1.72217285582837832e+02
1 0 0 6 4.99999999999988898e-01 4.99999999999988898e-01 0.00000000000000000e+00 11 -1.66614284275732018e+02
1 0 0 6 4.99999999999988898e-01 4.99999999999988898e-01 0.00000000000000000e+00 12 -1.53969330613461238e+02
1 0 0 6 4.99999999999988898e-01 4.99999999999988898e-01 0.00000000000000000e+00 13 -1.48147972664170737e+02
1 0 0 6 4.99999999999988898e-01 4.99999999999988898e-01 0.00000000000000000e+00 14 -1.43351682976785838e+02
1 0 0 6 4.99999999999988898e-01 4.99999999999988898e-01 0.00000000000000000e+00 15 -1.35921095418636355e+02
1 0 0 6 4.99999999999988898e-01 4.99999999999988898e-01 0.00000000000000000e+00 16 -1.09665546284758705e+02
1 0 0 6 4.99999999999988898e-01 4.99999999999988898e-01 0.00000000000000000e+00 17 -1.03633372079056215e+02
1 0 0 6 4.99999999999988898e-01 4.99999999999988898e-01 0.00000000000000000e+00 18 -8.37016601951101080e+01
1 0 0 6 4.99999999999988898e-01 4.99999999999988898e-01 0.00000000000000000e+00 19 -7.69120967157154638e+01
1 0 0 6 4.99999999999988898e-01 4.99999999999988898e-01 0.00000000000000000e+00 20 -6.46231235852593926e+01
1 0 0 6 4.99999999999988898e-01 4.99999999999988898e-01 0.00000000000000000e+00 21 -3.26347897778675033e+01
1 0 0 6 4.99999999999988898e-01 4.99999999999988898e-01 0.00000000000000000e+00 22 -2.88003034988617337e+01
1 0 0 6 4.99999999999988898e-01 4.99999999999988898e-01 0.00000000000000000e+00 23 -2.55308978188649185e+01
1 0 0 6 4.99999999999988898e-01 4.99999999999988898e-01 0.00000000000000000e+00 24 -1.98052734924011631e+01
1 0 0 6 4.99999999999988898e-01 4.99999999999988898e-01 0.00000000000000000e+00 25 -1.80802110242150249e+01
1 0 0 6 4.99999999999988898e-01 4.99999999999988898e-01 0.00000000000000000e+00 26 -1.45055291728927997e+01
1 0 0 6 4.99999999999988898e-01 4.99999999999988898e-01 0.00000000000000000e+00 27 -3.41756996778454836e+00
1 0 0 6 4.99999999999988898e-01 4.99999999999988898e-01 0.00000000000000000e+00 28 3.73280448856352365e+00
1 0 0 6 4.99999999999988898e-01 4.99999999999988898e-01 0.00000000000000000e+00 29 8.24516495456073173e+00
1 0 0 6 4.99999999999988898e-01 4.99999999999988898e-01 0.00000000000000000e+00 30 1.32360564861884811e+01
1 0 0 6 4.99999999999988898e-01 4.99999999999988898e-01 0.00000000000000000e+00 31 2.89986407849886980e+01
1 0 0 6 4.99999999999988898e-01 4.99999999999988898e-01 0.00000000000000000e+00 32 5.00545722757231886e+01
1 0 0 6 4.99999999999988898e-01 4.99999999999988898e-01 0.00000000000000000e+00 33 5.17021116850411033e+01
1 0 0 6 4.99999999999988898e-01 4.99999999999988898e-01 0.00000000000000000e+00 34 6.34971264113336673e+01
1 0 0 6 4.99999999999988898e-01 4.99999999999988898e-01 0.00000000000000000e+00 35 1.06616384315423502e+02
1 0 0 6 4.99999999999988898e-01 4.99999999999988898e-01 0.00000000000000000e+00 36 1.88978492811302715e+02
1 0 0 6 4.99999999999988898e-01 4.99999999999988898e-01 0.00000000000000000e+00 37 2.31752522756850851e+02
1 0 0 6 4.99999999999988898e-01 4.99999999999988898e-01 0.00000000000000000e+00 38 4.53093715169166614e+02
1 0 0 6 4.99999999999988898e-01 4.99999999999988898e-01 0.00000000000000000e+00 39 4.84533113961079948e+02
1 0 0 6 4.99999999999988898e-01 4.99999999999988898e-01 0.00000000000000000e+00 40 7.44928553403012847e+03
1 0 0 6 4.99999999999988898e-01 4.99999999999988898e-01 0.00000000000000000e+00 41 1.29586811532433512e+04
1 0 0 6 4.99999999999988898e-01 4.99999999999988898e-01 0.00000000000000000e+00 42 1.44947263127182869e+04
1 0 0 6 4.99999999999988898e-01 4.99999999999988898e-01 0.00000000000000000e+00 43 2.51742069961536945e+04
1 0 0 7 4.99999999999988898e-01 2.49999999999953593e-01 7.49999999999964695e-01 0 -4.78357808454576480e+03
1 0 0 7 4.99999999999988898e-01 2.49999999999953593e-01 7.49999999999964695e-01 1 -1.35126200491228724e+03
1 0 0 7 4.99999999999988898e-01 2.49999999999953593e-01 7.49999999999964695e-01 2 -1.15516299268255580e+03
1 0 0 7 4.99999999999988898e-01 2.49999999999953593e-01 7.49999999999964695e-01 3 -6.90945514529878210e+02
1 0 0 7 4.99999999999988898e-01 2.49999999999953593e-01 7.49999999999964695e-01 4 -4.89268337238293270e+02
1 0 0 7 4.99999999999988898e-01 2.49999999999953593e-01 7.49999999999964695e-01 5 -3.38245363543483734e+02
1 0 0 7 4.99999999999988898e-01 2.49999999999953593e-01 7.49999999999964695e-01 6 -3.03379625067866073e+02
1 0 0 7 4.99999999999988898e-01 2.49999999999953593e-01 7.49999999999964695e-01 7 -2.38138105565219632e+02
1 0 0 7 4.99999999999988898e-01 2.49999999999953593e-01 7.49999999999964695e-01 8 -2.27712495308701392e+02
1 0 0 7 4.99999999999988898e-01 2.49999999999953593e-01 7.49999999999964695e-01 9 -2.20121202252169354e+02
1 0 0 7 4.99999999999988898e-01 2.49999999999953593e-01 7.49999999999964695e-01 10 -2.12779532340242412e+02
1 0 0 7 4.99999999999988898e-01 2.49999999999953593e-01 7.49999999999964695e-01 11 -1.80792380971417145e+02
1 0 0 7 4.99999999999988898e-01 2.49999999999953593e-01 7.49999999999964695e-01 12 -1.73305417530441019e+02
1 0 0 7 4.99999999999988898e-01 2.49999999999953593e-01 7.49999999999964695e-01 13 -1.52501259111724750e+02
1 0 0 7 4.99999999999988898e-01 2.49999999999953593e-01 7.49999999999964695e-01 14 -1.36514849693521342e+02
1 0 0 7 4.99999999999988898e-01 2.49999999999953593e-01 7.49999999999964695e-01 15 -1.26396992725076117e+02
1 0 0 7 4.99999999999988898e-01 2.49999999999953593e-01 7.49999999999964695e-01 16 -1.19419373801975340e+02
1 0 0 7 4.99999999999988898e-01 2.49999999999953593e-01 7.49999999999964695e-01 17 -1.04909682626652597e+02
1 0 0 7 4.99999999999988898e-01 2.49999999999953593e-01 7.49999999999964695e-01 18 -9.87414101716994423e+01
1 0 0 7 4.99999999999988898e-01 2.49999999999953593e-01 7.49999999999964695e-01 19 -8.31535885807623174e+01
1 0 0 7 4.99999999999988898e-01 2.49999999999953593e-01 7.49999999999964695e-01 20 -6.55959160013407114e+01
1 0 0 7 4.99999999999988898e-01 2.49999999999953593e-01 7.49999999999964695e-01 21 -6.13458275198453649e+01
1 0 0 7 4.99999999999988898e-01 2.49999999999953593e-01 7.49999999999964695e-01 22 -4.77392898760823456e+01
1 0 0 7 4.99999999999988898e-01 2.49999999999953593e-01 7.49999999999964695e-01 23 -3.84829961979135575e+01
1 0 0 7 4.99999999999988898e-01 2.49999999999953593e-01 7.49999999999964695e-01 24 -3.55305948443155444e+01
1 0 0 7 4.99999999999988898e-01 2.49999999999953593e-01 7.49999999999964695e-01 25 -2.49012380258339689e+01
1 0 0 7 4.99999999999988898e-01 2.49999999999953593e-01 7.49999999999964695e-01 26 -1.77646576714437749e+01
1 0 0 7 4.99999999999988898e-01 2.49999999999953593e-01 7.49999999999964695e-01 27 -1.30898543625856778e+01
1 0 0 7 4.99999999999988898e-01 2.49999999999953593e-01 7.49999999999964695e-01 28 -6.31434811094479276e+00
1 0 0 7 4.99999999999988898e-01 2.49999999999953593e-01 7.49999999999964695e-01 29 5.25683380498457087e+00
1 0 0 7 4.99999999999988898e-01 2.49999999999953593e-01 7.49999999999964695e-01 30 8.88243255443296142e+00
1 0 0 7 4.99999999999988898e-01 2.49999999999953593e-01 7.49999999999964695e-01 31 1.16487415263472815e+01
1 0 0 7 4.99999999999988898e-01 2.49999999999953593e-01 7.49999999999964695e-01 32 2.86120223712031958e+01
1 0 0 7 4.99999999999988898e-01 2.49999999999953593e-01 7.49999999999964695e-01 33 3.46980209540358544e+01
1 0 0 7 4.99999999999988898e-01 2.49999999999953593e-01 7.49999999999964695e-01 34 5.40706975885664818e+01
1 0 0 7 4.99999999999988898e-01 2.49999999999953593e-01 7.49999999999964695e-01 35 8.34049645779186903e+01
1 0 0 7 4.99999999999988898e-01 2.49999999999953593e-01 7.49999999999964695e-01 36 1.10382045175205135e+02
1 0 0 7 4.99999999999988898e-01 2.49999999999953593e-01 7.49999999999964695e-01 37 1.79121952259561311e+02
1 0 0 7 4.99999999999988898e-01 2.49999999999953593e-01 7.49999999999964695e-01 38 2.85016977688298994e+02
1 0 0 7 4.99999999999988898e-01 2.49999999999953593e-01 7.49999999999964695e-01 39 3.52261934222257605e+03
1 0 0 7 4.99999999999988898e-01 2.49999999999953593e-01 7.49999999999964695e-01 40 3.86292711860931922e+03
1 0 0 7 4.99999999999988898e-01 2.49999999999953593e-01 7.49999999999964695e-01 41 7.78329723817889135e+03
1 0 0 7 4.99999999999988898e-01 2.49999999999953593e-01 7.49999999999964695e-01 42 1.80170509258961829e+04
1 0 0 7 4.99999999999988898e-01 2.49999999999953593e-01 7.49999999999964695e-01 43 3.96431445598594655e+04
